"Id","Path","Slice Name","Alias(s)","Label","Min","Max","Must Support?","Is Modifier?","Is Summary?","Type(s)","Short","Definition","Comments","Requirements","Default Value","Meaning When Missing","Fixed Value","Pattern","Example","Minimum Value","Maximum Value","Maximum Length","Binding Strength","Binding Description","Binding Value Set","Code","Slicing Discriminator","Slicing Description","Slicing Ordered","Slicing Rules","Base Path","Base Min","Base Max","Condition(s)","Constraint(s)","Mapping: RIM Mapping"
"Extension","Extension","","","",0,1,"","","","null {[]} {[]}
","R5: The article or artifact being described (new)","R5: `Citation.citedArtifact` (new:BackboneElement)","Element `Citation.citedArtifact` is not mapped to FHIR R4, since FHIR R5 `Citation` is not mapped.
Element `Citation.citedArtifact` has no mapping targets in FHIR R4. Typically, this is because the element has been added (is a new element).","","","","","","","","",,,,,"",,,,"Extension",0,*,"ele-1
","ele-1:All FHIR elements must have a @value or children {hasValue() or (children().count() > id.count())}
ext-1:Must have either extensions or value[x], not both {extension.exists() != value.exists()}"
"Extension.id","Extension.id","","","",0,1,"","","","string {[]} {[]}
","Unique id for inter-element referencing","Unique id for the element within a resource (for internal references). This may be any string value that does not contain spaces.","","","","","","","","","",,,,,"",,,,"Element.id",0,1,"","","n/a"
"Extension.extension","Extension.extension","","","",0,*,"","","","Extension {[]} {[]}
","Extension","An Extension","","","","","","","","","",,,,,"","value:url}
","Extensions are always sliced by (at least) url",,"open","Element.extension",0,*,"","ele-1:All FHIR elements must have a @value or children {hasValue() or (children().count() > id.count())}
ext-1:Must have either extensions or value[x], not both {extension.exists() != value.exists()}"
"Extension.extension:identifier","Extension.extension","identifier","","",0,*,"","","","Extension {[]} {[]}
","R5: Unique identifier. May include DOI, PMID, PMCID, etc (new)","R5: `Citation.citedArtifact.identifier` (new:Identifier)","Element `Citation.citedArtifact.identifier` is part of an existing definition because parent element `Citation.citedArtifact` requires a cross-version extension.
Element `Citation.citedArtifact.identifier` is not mapped to FHIR R4, since FHIR R5 `Citation` is not mapped.
Element `Citation.citedArtifact.identifier` has no mapping targets in FHIR R4. Typically, this is because the element has been added (is a new element).
This element will contain unique identifiers that support de-duplication of citations. Commonly used identifiers for study citations include digital object identifier (DOI), PubMed ID (PMID), and PubMed Central ID (PMCID). To maintain interoperability, the suggested identifier.system values to use for these 3 identifiers are: DOI = ""https://doi.org"" PMID = ""https://pubmed.ncbi.nlm.nih.gov"" PMCID = ""https://www.ncbi.nlm.nih.gov/pmc/""","Allows externally provided and/or usable identifiers to be associated with the cited artifact. Element `Citation.citedArtifact.identifier` is part of an existing definition because parent element `Citation.citedArtifact` requires a cross-version extension.
Element `Citation.citedArtifact.identifier` is not mapped to FHIR R4, since FHIR R5 `Citation` is not mapped.
Element `Citation.citedArtifact.identifier` has no mapping targets in FHIR R4. Typically, this is because the element has been added (is a new element).","","","","","","","",,,,,"",,,,"Element.extension",0,*,"","ele-1:All FHIR elements must have a @value or children {hasValue() or (children().count() > id.count())}
ext-1:Must have either extensions or value[x], not both {extension.exists() != value.exists()}"
"Extension.extension:identifier.id","Extension.extension.id","","","",0,1,"","","","string {[]} {[]}
","Unique id for inter-element referencing","Unique id for the element within a resource (for internal references). This may be any string value that does not contain spaces.","","","","","","","","","",,,,,"",,,,"Element.id",0,1,"","","n/a"
"Extension.extension:identifier.extension","Extension.extension.extension","","extensions
user content","",0,*,"","","","Extension {[]} {[]}
","Additional content defined by implementations","May be used to represent additional information that is not part of the basic definition of the element. To make the use of extensions safe and manageable, there is a strict set of governance  applied to the definition and use of extensions. Though any implementer can define an extension, there is a set of requirements that SHALL be met as part of the definition of the extension.","There can be no stigma associated with the use of extensions by any application, project, or standard - regardless of the institution or jurisdiction that uses or defines the extensions.  The use of extensions is what allows the FHIR specification to retain a core level of simplicity for everyone.","","","","","","","","",,,,,"","value:url}
","Extensions are always sliced by (at least) url",,"open","Element.extension",0,*,"","ele-1:All FHIR elements must have a @value or children {hasValue() or (children().count() > id.count())}
ext-1:Must have either extensions or value[x], not both {extension.exists() != value.exists()}","n/a"
"Extension.extension:identifier.url","Extension.extension.url","","","",1,1,"","","","uri {[]} {[]}
","identifies the meaning of the extension","Source of the definition for the extension code - a logical name or a URL.","The definition may point directly to a computable or human-readable definition of the extensibility codes, or it may be a logical URI as declared in some other specification. The definition SHALL be a URI for the Structure Definition defining the extension.","","","","<valueUri xmlns=""http://hl7.org/fhir"" value=""identifier""/>","","","","",,,,,"",,,,"Extension.url",1,1,"","","N/A"
"Extension.extension:identifier.value[x]","Extension.extension.value[x]","","","",0,1,"","","","Identifier {[]} {[]}
","Unique identifier. May include DOI, PMID, PMCID, etc","A formal identifier that is used to identify the cited artifact when it is represented in other formats, or referenced in a specification, model, design or an instance.","This element will contain unique identifiers that support de-duplication of citations. Commonly used identifiers for study citations include digital object identifier (DOI), PubMed ID (PMID), and PubMed Central ID (PMCID). To maintain interoperability, the suggested identifier.system values to use for these 3 identifiers are: DOI = ""https://doi.org"" PMID = ""https://pubmed.ncbi.nlm.nih.gov"" PMCID = ""https://www.ncbi.nlm.nih.gov/pmc/""","","","","","","","","",,,,,"",,,,"Extension.value[x]",0,1,"","ele-1:All FHIR elements must have a @value or children {hasValue() or (children().count() > id.count())}
","N/A"
"Extension.extension:relatedIdentifier","Extension.extension","relatedIdentifier","","",0,*,"","","","Extension {[]} {[]}
","R5: Identifier not unique to the cited artifact. May include trial registry identifiers (new)","R5: `Citation.citedArtifact.relatedIdentifier` (new:Identifier)","Element `Citation.citedArtifact.relatedIdentifier` is part of an existing definition because parent element `Citation.citedArtifact` requires a cross-version extension.
Element `Citation.citedArtifact.relatedIdentifier` is not mapped to FHIR R4, since FHIR R5 `Citation` is not mapped.
Element `Citation.citedArtifact.relatedIdentifier` has no mapping targets in FHIR R4. Typically, this is because the element has been added (is a new element).
May include trial registry identifiers, e.g. NCT04372602 from clinicaltrials.gov. This related identifier would not be used as unique identifier for the cited artifact itself. Multiple published articles (each with their own unique identifier) may relate to the same study record in a research registry. Commonly used related identifiers for study registries include ClinicalTrials.gov identifier (NCTId) and PROSPERO identifier (used for registration of systematic reviews). To maintain interoperability, the suggested identifier.system values to use for these 2 identifiers are: ClinicalTrials.gov = ""https://clinicaltrials.gov"" PROSPERO = ""https://www.crd.york.ac.uk/prospero/""","Allows externally provided and/or usable identifiers to be associated with this the cited artifact. Element `Citation.citedArtifact.relatedIdentifier` is part of an existing definition because parent element `Citation.citedArtifact` requires a cross-version extension.
Element `Citation.citedArtifact.relatedIdentifier` is not mapped to FHIR R4, since FHIR R5 `Citation` is not mapped.
Element `Citation.citedArtifact.relatedIdentifier` has no mapping targets in FHIR R4. Typically, this is because the element has been added (is a new element).","","","","","","","",,,,,"",,,,"Element.extension",0,*,"","ele-1:All FHIR elements must have a @value or children {hasValue() or (children().count() > id.count())}
ext-1:Must have either extensions or value[x], not both {extension.exists() != value.exists()}"
"Extension.extension:relatedIdentifier.id","Extension.extension.id","","","",0,1,"","","","string {[]} {[]}
","Unique id for inter-element referencing","Unique id for the element within a resource (for internal references). This may be any string value that does not contain spaces.","","","","","","","","","",,,,,"",,,,"Element.id",0,1,"","","n/a"
"Extension.extension:relatedIdentifier.extension","Extension.extension.extension","","extensions
user content","",0,*,"","","","Extension {[]} {[]}
","Additional content defined by implementations","May be used to represent additional information that is not part of the basic definition of the element. To make the use of extensions safe and manageable, there is a strict set of governance  applied to the definition and use of extensions. Though any implementer can define an extension, there is a set of requirements that SHALL be met as part of the definition of the extension.","There can be no stigma associated with the use of extensions by any application, project, or standard - regardless of the institution or jurisdiction that uses or defines the extensions.  The use of extensions is what allows the FHIR specification to retain a core level of simplicity for everyone.","","","","","","","","",,,,,"","value:url}
","Extensions are always sliced by (at least) url",,"open","Element.extension",0,*,"","ele-1:All FHIR elements must have a @value or children {hasValue() or (children().count() > id.count())}
ext-1:Must have either extensions or value[x], not both {extension.exists() != value.exists()}","n/a"
"Extension.extension:relatedIdentifier.url","Extension.extension.url","","","",1,1,"","","","uri {[]} {[]}
","identifies the meaning of the extension","Source of the definition for the extension code - a logical name or a URL.","The definition may point directly to a computable or human-readable definition of the extensibility codes, or it may be a logical URI as declared in some other specification. The definition SHALL be a URI for the Structure Definition defining the extension.","","","","<valueUri xmlns=""http://hl7.org/fhir"" value=""relatedIdentifier""/>","","","","",,,,,"",,,,"Extension.url",1,1,"","","N/A"
"Extension.extension:relatedIdentifier.value[x]","Extension.extension.value[x]","","","",0,1,"","","","Identifier {[]} {[]}
","Identifier not unique to the cited artifact. May include trial registry identifiers","A formal identifier that is used to identify things closely related to the cited artifact.","May include trial registry identifiers, e.g. NCT04372602 from clinicaltrials.gov. This related identifier would not be used as unique identifier for the cited artifact itself. Multiple published articles (each with their own unique identifier) may relate to the same study record in a research registry. Commonly used related identifiers for study registries include ClinicalTrials.gov identifier (NCTId) and PROSPERO identifier (used for registration of systematic reviews). To maintain interoperability, the suggested identifier.system values to use for these 2 identifiers are: ClinicalTrials.gov = ""https://clinicaltrials.gov"" PROSPERO = ""https://www.crd.york.ac.uk/prospero/""","","","","","","","","",,,,,"",,,,"Extension.value[x]",0,1,"","ele-1:All FHIR elements must have a @value or children {hasValue() or (children().count() > id.count())}
","N/A"
"Extension.extension:dateAccessed","Extension.extension","dateAccessed","","",0,1,"","","","Extension {[]} {[]}
","R5: When the cited artifact was accessed (new)","R5: `Citation.citedArtifact.dateAccessed` (new:dateTime)","Element `Citation.citedArtifact.dateAccessed` is part of an existing definition because parent element `Citation.citedArtifact` requires a cross-version extension.
Element `Citation.citedArtifact.dateAccessed` is not mapped to FHIR R4, since FHIR R5 `Citation` is not mapped.
Element `Citation.citedArtifact.dateAccessed` has no mapping targets in FHIR R4. Typically, this is because the element has been added (is a new element).
Use this element when citing an artifact from a potentially unstable source, such as a webpage, to note the date (and time) the source was accessed.","Element `Citation.citedArtifact.dateAccessed` is part of an existing definition because parent element `Citation.citedArtifact` requires a cross-version extension.
Element `Citation.citedArtifact.dateAccessed` is not mapped to FHIR R4, since FHIR R5 `Citation` is not mapped.
Element `Citation.citedArtifact.dateAccessed` has no mapping targets in FHIR R4. Typically, this is because the element has been added (is a new element).","","","","","","","",,,,,"",,,,"Element.extension",0,*,"","ele-1:All FHIR elements must have a @value or children {hasValue() or (children().count() > id.count())}
ext-1:Must have either extensions or value[x], not both {extension.exists() != value.exists()}"
"Extension.extension:dateAccessed.id","Extension.extension.id","","","",0,1,"","","","string {[]} {[]}
","Unique id for inter-element referencing","Unique id for the element within a resource (for internal references). This may be any string value that does not contain spaces.","","","","","","","","","",,,,,"",,,,"Element.id",0,1,"","","n/a"
"Extension.extension:dateAccessed.extension","Extension.extension.extension","","extensions
user content","",0,*,"","","","Extension {[]} {[]}
","Additional content defined by implementations","May be used to represent additional information that is not part of the basic definition of the element. To make the use of extensions safe and manageable, there is a strict set of governance  applied to the definition and use of extensions. Though any implementer can define an extension, there is a set of requirements that SHALL be met as part of the definition of the extension.","There can be no stigma associated with the use of extensions by any application, project, or standard - regardless of the institution or jurisdiction that uses or defines the extensions.  The use of extensions is what allows the FHIR specification to retain a core level of simplicity for everyone.","","","","","","","","",,,,,"","value:url}
","Extensions are always sliced by (at least) url",,"open","Element.extension",0,*,"","ele-1:All FHIR elements must have a @value or children {hasValue() or (children().count() > id.count())}
ext-1:Must have either extensions or value[x], not both {extension.exists() != value.exists()}","n/a"
"Extension.extension:dateAccessed.url","Extension.extension.url","","","",1,1,"","","","uri {[]} {[]}
","identifies the meaning of the extension","Source of the definition for the extension code - a logical name or a URL.","The definition may point directly to a computable or human-readable definition of the extensibility codes, or it may be a logical URI as declared in some other specification. The definition SHALL be a URI for the Structure Definition defining the extension.","","","","<valueUri xmlns=""http://hl7.org/fhir"" value=""dateAccessed""/>","","","","",,,,,"",,,,"Extension.url",1,1,"","","N/A"
"Extension.extension:dateAccessed.value[x]","Extension.extension.value[x]","","","",0,1,"","","","dateTime {[]} {[]}
","When the cited artifact was accessed","When the cited artifact was accessed.","Use this element when citing an artifact from a potentially unstable source, such as a webpage, to note the date (and time) the source was accessed.","","","","","","","","",,,,,"",,,,"Extension.value[x]",0,1,"","ele-1:All FHIR elements must have a @value or children {hasValue() or (children().count() > id.count())}
","N/A"
"Extension.extension:version","Extension.extension","version","","",0,1,"","","","Extension {[]} {[]}
","R5: The defined version of the cited artifact (new)","R5: `Citation.citedArtifact.version` (new:BackboneElement)","Element `Citation.citedArtifact.version` is part of an existing definition because parent element `Citation.citedArtifact` requires a cross-version extension.
Element `Citation.citedArtifact.version` is not mapped to FHIR R4, since FHIR R5 `Citation` is not mapped.
Element `Citation.citedArtifact.version` has no mapping targets in FHIR R4. Typically, this is because the element has been added (is a new element).","Element `Citation.citedArtifact.version` is part of an existing definition because parent element `Citation.citedArtifact` requires a cross-version extension.
Element `Citation.citedArtifact.version` is not mapped to FHIR R4, since FHIR R5 `Citation` is not mapped.
Element `Citation.citedArtifact.version` has no mapping targets in FHIR R4. Typically, this is because the element has been added (is a new element).","","","","","","","",,,,,"",,,,"Element.extension",0,*,"","ele-1:All FHIR elements must have a @value or children {hasValue() or (children().count() > id.count())}
ext-1:Must have either extensions or value[x], not both {extension.exists() != value.exists()}"
"Extension.extension:version.id","Extension.extension.id","","","",0,1,"","","","string {[]} {[]}
","Unique id for inter-element referencing","Unique id for the element within a resource (for internal references). This may be any string value that does not contain spaces.","","","","","","","","","",,,,,"",,,,"Element.id",0,1,"","","n/a"
"Extension.extension:version.extension","Extension.extension.extension","","","",1,*,"","","","Extension {[]} {[]}
","Extension","An Extension","","","","","","","","","",,,,,"","value:url}
","Extensions are always sliced by (at least) url",,"open","Element.extension",0,*,"","ele-1:All FHIR elements must have a @value or children {hasValue() or (children().count() > id.count())}
ext-1:Must have either extensions or value[x], not both {extension.exists() != value.exists()}"
"Extension.extension:version.extension:value","Extension.extension.extension","value","","",1,1,"","","","Extension {[]} {[]}
","R5: The version number or other version identifier (new)","R5: `Citation.citedArtifact.version.value` (new:string)","Element `Citation.citedArtifact.version.value` is part of an existing definition because parent element `Citation.citedArtifact.version` requires a cross-version extension.
Element `Citation.citedArtifact.version.value` is not mapped to FHIR R4, since FHIR R5 `Citation` is not mapped.
Element `Citation.citedArtifact.version.value` has no mapping targets in FHIR R4. Typically, this is because the element has been added (is a new element).","Element `Citation.citedArtifact.version.value` is part of an existing definition because parent element `Citation.citedArtifact.version` requires a cross-version extension.
Element `Citation.citedArtifact.version.value` is not mapped to FHIR R4, since FHIR R5 `Citation` is not mapped.
Element `Citation.citedArtifact.version.value` has no mapping targets in FHIR R4. Typically, this is because the element has been added (is a new element).","","","","","","","",,,,,"",,,,"Element.extension",0,*,"","ele-1:All FHIR elements must have a @value or children {hasValue() or (children().count() > id.count())}
ext-1:Must have either extensions or value[x], not both {extension.exists() != value.exists()}"
"Extension.extension:version.extension:value.id","Extension.extension.extension.id","","","",0,1,"","","","string {[]} {[]}
","Unique id for inter-element referencing","Unique id for the element within a resource (for internal references). This may be any string value that does not contain spaces.","","","","","","","","","",,,,,"",,,,"Element.id",0,1,"","","n/a"
"Extension.extension:version.extension:value.extension","Extension.extension.extension.extension","","extensions
user content","",0,*,"","","","Extension {[]} {[]}
","Additional content defined by implementations","May be used to represent additional information that is not part of the basic definition of the element. To make the use of extensions safe and manageable, there is a strict set of governance  applied to the definition and use of extensions. Though any implementer can define an extension, there is a set of requirements that SHALL be met as part of the definition of the extension.","There can be no stigma associated with the use of extensions by any application, project, or standard - regardless of the institution or jurisdiction that uses or defines the extensions.  The use of extensions is what allows the FHIR specification to retain a core level of simplicity for everyone.","","","","","","","","",,,,,"","value:url}
","Extensions are always sliced by (at least) url",,"open","Element.extension",0,*,"","ele-1:All FHIR elements must have a @value or children {hasValue() or (children().count() > id.count())}
ext-1:Must have either extensions or value[x], not both {extension.exists() != value.exists()}","n/a"
"Extension.extension:version.extension:value.url","Extension.extension.extension.url","","","",1,1,"","","","uri {[]} {[]}
","identifies the meaning of the extension","Source of the definition for the extension code - a logical name or a URL.","The definition may point directly to a computable or human-readable definition of the extensibility codes, or it may be a logical URI as declared in some other specification. The definition SHALL be a URI for the Structure Definition defining the extension.","","","","<valueUri xmlns=""http://hl7.org/fhir"" value=""value""/>","","","","",,,,,"",,,,"Extension.url",1,1,"","","N/A"
"Extension.extension:version.extension:value.value[x]","Extension.extension.extension.value[x]","","","",1,1,"","","","string {[]} {[]}
","The version number or other version identifier","The version number or other version identifier.","","","","","","","","","",,,,,"",,,,"Extension.value[x]",0,1,"","ele-1:All FHIR elements must have a @value or children {hasValue() or (children().count() > id.count())}
","N/A"
"Extension.extension:version.extension:baseCitation","Extension.extension.extension","baseCitation","","",0,1,"","","","Extension {[]} {[]}
","R5: Citation for the main version of the cited artifact (new)","R5: `Citation.citedArtifact.version.baseCitation` (new:Reference(Citation))","Element `Citation.citedArtifact.version.baseCitation` is part of an existing definition because parent element `Citation.citedArtifact.version` requires a cross-version extension.
Element `Citation.citedArtifact.version.baseCitation` is not mapped to FHIR R4, since FHIR R5 `Citation` is not mapped.
Element `Citation.citedArtifact.version.baseCitation` has no mapping targets in FHIR R4. Typically, this is because the element has been added (is a new element).
When referencing a baseCitation, one may inherit any data from the referenced Citation Resource and consider any data in the current Citation Resource as superceding to be version-specific.","Element `Citation.citedArtifact.version.baseCitation` is part of an existing definition because parent element `Citation.citedArtifact.version` requires a cross-version extension.
Element `Citation.citedArtifact.version.baseCitation` is not mapped to FHIR R4, since FHIR R5 `Citation` is not mapped.
Element `Citation.citedArtifact.version.baseCitation` has no mapping targets in FHIR R4. Typically, this is because the element has been added (is a new element).","","","","","","","",,,,,"",,,,"Element.extension",0,*,"","ele-1:All FHIR elements must have a @value or children {hasValue() or (children().count() > id.count())}
ext-1:Must have either extensions or value[x], not both {extension.exists() != value.exists()}"
"Extension.extension:version.extension:baseCitation.id","Extension.extension.extension.id","","","",0,1,"","","","string {[]} {[]}
","Unique id for inter-element referencing","Unique id for the element within a resource (for internal references). This may be any string value that does not contain spaces.","","","","","","","","","",,,,,"",,,,"Element.id",0,1,"","","n/a"
"Extension.extension:version.extension:baseCitation.extension","Extension.extension.extension.extension","","extensions
user content","",0,*,"","","","Extension {[]} {[]}
","Additional content defined by implementations","May be used to represent additional information that is not part of the basic definition of the element. To make the use of extensions safe and manageable, there is a strict set of governance  applied to the definition and use of extensions. Though any implementer can define an extension, there is a set of requirements that SHALL be met as part of the definition of the extension.","There can be no stigma associated with the use of extensions by any application, project, or standard - regardless of the institution or jurisdiction that uses or defines the extensions.  The use of extensions is what allows the FHIR specification to retain a core level of simplicity for everyone.","","","","","","","","",,,,,"","value:url}
","Extensions are always sliced by (at least) url",,"open","Element.extension",0,*,"","ele-1:All FHIR elements must have a @value or children {hasValue() or (children().count() > id.count())}
ext-1:Must have either extensions or value[x], not both {extension.exists() != value.exists()}","n/a"
"Extension.extension:version.extension:baseCitation.url","Extension.extension.extension.url","","","",1,1,"","","","uri {[]} {[]}
","identifies the meaning of the extension","Source of the definition for the extension code - a logical name or a URL.","The definition may point directly to a computable or human-readable definition of the extensibility codes, or it may be a logical URI as declared in some other specification. The definition SHALL be a URI for the Structure Definition defining the extension.","","","","<valueUri xmlns=""http://hl7.org/fhir"" value=""baseCitation""/>","","","","",,,,,"",,,,"Extension.url",1,1,"","","N/A"
"Extension.extension:version.extension:baseCitation.value[x]","Extension.extension.extension.value[x]","","","",0,1,"","","","Reference {[]} {[CanonicalType[http://hl7.org/fhir/5.0/StructureDefinition/profile-Citation|0.1.0], CanonicalType[http://hl7.org/fhir/StructureDefinition/Basic|4.0.1]]}
","Citation for the main version of the cited artifact","Citation for the main version of the cited artifact.","When referencing a baseCitation, one may inherit any data from the referenced Citation Resource and consider any data in the current Citation Resource as superceding to be version-specific.","","","","","","","","",,,,,"",,,,"Extension.value[x]",0,1,"","ele-1:All FHIR elements must have a @value or children {hasValue() or (children().count() > id.count())}
","N/A"
"Extension.extension:version.url","Extension.extension.url","","","",1,1,"","","","uri {[]} {[]}
","identifies the meaning of the extension","Source of the definition for the extension code - a logical name or a URL.","The definition may point directly to a computable or human-readable definition of the extensibility codes, or it may be a logical URI as declared in some other specification. The definition SHALL be a URI for the Structure Definition defining the extension.","","","","<valueUri xmlns=""http://hl7.org/fhir"" value=""version""/>","","","","",,,,,"",,,,"Extension.url",1,1,"","","N/A"
"Extension.extension:version.value[x]","Extension.extension.value[x]","","","",0,0,"","","","base64Binary {[]} {[]}
boolean {[]} {[]}canonical {[]} {[]}code {[]} {[]}date {[]} {[]}dateTime {[]} {[]}decimal {[]} {[]}id {[]} {[]}instant {[]} {[]}integer {[]} {[]}markdown {[]} {[]}oid {[]} {[]}positiveInt {[]} {[]}string {[]} {[]}time {[]} {[]}unsignedInt {[]} {[]}uri {[]} {[]}url {[]} {[]}uuid {[]} {[]}Address {[]} {[]}Age {[]} {[]}Annotation {[]} {[]}Attachment {[]} {[]}CodeableConcept {[]} {[]}Coding {[]} {[]}ContactPoint {[]} {[]}Count {[]} {[]}Distance {[]} {[]}Duration {[]} {[]}HumanName {[]} {[]}Identifier {[]} {[]}Money {[]} {[]}Period {[]} {[]}Quantity {[]} {[]}Range {[]} {[]}Ratio {[]} {[]}Reference {[]} {[]}SampledData {[]} {[]}Signature {[]} {[]}Timing {[]} {[]}ContactDetail {[]} {[]}Contributor {[]} {[]}DataRequirement {[]} {[]}Expression {[]} {[]}ParameterDefinition {[]} {[]}RelatedArtifact {[]} {[]}TriggerDefinition {[]} {[]}UsageContext {[]} {[]}Dosage {[]} {[]}Meta {[]} {[]}","Value of extension","Value of extension - must be one of a constrained set of the data types (see [Extensibility](http://hl7.org/fhir/R4/extensibility.html) for a list).","","","","","","","","","",,,,,"",,,,"Extension.value[x]",0,1,"","ele-1:All FHIR elements must have a @value or children {hasValue() or (children().count() > id.count())}
","N/A"
"Extension.extension:currentState","Extension.extension","currentState","","",0,*,"","","","Extension {[]} {[]}
","R5: The status of the cited artifact (new)","R5: `Citation.citedArtifact.currentState` (new:CodeableConcept)","Element `Citation.citedArtifact.currentState` is part of an existing definition because parent element `Citation.citedArtifact` requires a cross-version extension.
Element `Citation.citedArtifact.currentState` is not mapped to FHIR R4, since FHIR R5 `Citation` is not mapped.
Element `Citation.citedArtifact.currentState` has no mapping targets in FHIR R4. Typically, this is because the element has been added (is a new element).","Element `Citation.citedArtifact.currentState` is part of an existing definition because parent element `Citation.citedArtifact` requires a cross-version extension.
Element `Citation.citedArtifact.currentState` is not mapped to FHIR R4, since FHIR R5 `Citation` is not mapped.
Element `Citation.citedArtifact.currentState` has no mapping targets in FHIR R4. Typically, this is because the element has been added (is a new element).","","","","","","","",,,,,"",,,,"Element.extension",0,*,"","ele-1:All FHIR elements must have a @value or children {hasValue() or (children().count() > id.count())}
ext-1:Must have either extensions or value[x], not both {extension.exists() != value.exists()}"
"Extension.extension:currentState.id","Extension.extension.id","","","",0,1,"","","","string {[]} {[]}
","Unique id for inter-element referencing","Unique id for the element within a resource (for internal references). This may be any string value that does not contain spaces.","","","","","","","","","",,,,,"",,,,"Element.id",0,1,"","","n/a"
"Extension.extension:currentState.extension","Extension.extension.extension","","extensions
user content","",0,*,"","","","Extension {[]} {[]}
","Additional content defined by implementations","May be used to represent additional information that is not part of the basic definition of the element. To make the use of extensions safe and manageable, there is a strict set of governance  applied to the definition and use of extensions. Though any implementer can define an extension, there is a set of requirements that SHALL be met as part of the definition of the extension.","There can be no stigma associated with the use of extensions by any application, project, or standard - regardless of the institution or jurisdiction that uses or defines the extensions.  The use of extensions is what allows the FHIR specification to retain a core level of simplicity for everyone.","","","","","","","","",,,,,"","value:url}
","Extensions are always sliced by (at least) url",,"open","Element.extension",0,*,"","ele-1:All FHIR elements must have a @value or children {hasValue() or (children().count() > id.count())}
ext-1:Must have either extensions or value[x], not both {extension.exists() != value.exists()}","n/a"
"Extension.extension:currentState.url","Extension.extension.url","","","",1,1,"","","","uri {[]} {[]}
","identifies the meaning of the extension","Source of the definition for the extension code - a logical name or a URL.","The definition may point directly to a computable or human-readable definition of the extensibility codes, or it may be a logical URI as declared in some other specification. The definition SHALL be a URI for the Structure Definition defining the extension.","","","","<valueUri xmlns=""http://hl7.org/fhir"" value=""currentState""/>","","","","",,,,,"",,,,"Extension.url",1,1,"","","N/A"
"Extension.extension:currentState.value[x]","Extension.extension.value[x]","","","",0,1,"","","","CodeableConcept {[]} {[]}
","The status of the cited artifact","The status of the cited artifact.","","","","","","","","","",,"extensible","","http://hl7.org/fhir/uv/xver/ValueSet/R5-cited-artifact-status-type-for-R4|0.1.0","",,,,"Extension.value[x]",0,1,"","ele-1:All FHIR elements must have a @value or children {hasValue() or (children().count() > id.count())}
","N/A"
"Extension.extension:statusDate","Extension.extension","statusDate","","",0,*,"","","","Extension {[]} {[]}
","R5: An effective date or period for a status of the cited artifact (new)","R5: `Citation.citedArtifact.statusDate` (new:BackboneElement)","Element `Citation.citedArtifact.statusDate` is part of an existing definition because parent element `Citation.citedArtifact` requires a cross-version extension.
Element `Citation.citedArtifact.statusDate` is not mapped to FHIR R4, since FHIR R5 `Citation` is not mapped.
Element `Citation.citedArtifact.statusDate` has no mapping targets in FHIR R4. Typically, this is because the element has been added (is a new element).","Element `Citation.citedArtifact.statusDate` is part of an existing definition because parent element `Citation.citedArtifact` requires a cross-version extension.
Element `Citation.citedArtifact.statusDate` is not mapped to FHIR R4, since FHIR R5 `Citation` is not mapped.
Element `Citation.citedArtifact.statusDate` has no mapping targets in FHIR R4. Typically, this is because the element has been added (is a new element).","","","","","","","",,,,,"",,,,"Element.extension",0,*,"","ele-1:All FHIR elements must have a @value or children {hasValue() or (children().count() > id.count())}
ext-1:Must have either extensions or value[x], not both {extension.exists() != value.exists()}"
"Extension.extension:statusDate.id","Extension.extension.id","","","",0,1,"","","","string {[]} {[]}
","Unique id for inter-element referencing","Unique id for the element within a resource (for internal references). This may be any string value that does not contain spaces.","","","","","","","","","",,,,,"",,,,"Element.id",0,1,"","","n/a"
"Extension.extension:statusDate.extension","Extension.extension.extension","","","",2,*,"","","","Extension {[]} {[]}
","Extension","An Extension","","","","","","","","","",,,,,"","value:url}
","Extensions are always sliced by (at least) url",,"open","Element.extension",0,*,"","ele-1:All FHIR elements must have a @value or children {hasValue() or (children().count() > id.count())}
ext-1:Must have either extensions or value[x], not both {extension.exists() != value.exists()}"
"Extension.extension:statusDate.extension:activity","Extension.extension.extension","activity","","",1,1,"","","","Extension {[]} {[]}
","R5: Classification of the status (new)","R5: `Citation.citedArtifact.statusDate.activity` (new:CodeableConcept)","Element `Citation.citedArtifact.statusDate.activity` is part of an existing definition because parent element `Citation.citedArtifact.statusDate` requires a cross-version extension.
Element `Citation.citedArtifact.statusDate.activity` is not mapped to FHIR R4, since FHIR R5 `Citation` is not mapped.
Element `Citation.citedArtifact.statusDate.activity` has no mapping targets in FHIR R4. Typically, this is because the element has been added (is a new element).","Element `Citation.citedArtifact.statusDate.activity` is part of an existing definition because parent element `Citation.citedArtifact.statusDate` requires a cross-version extension.
Element `Citation.citedArtifact.statusDate.activity` is not mapped to FHIR R4, since FHIR R5 `Citation` is not mapped.
Element `Citation.citedArtifact.statusDate.activity` has no mapping targets in FHIR R4. Typically, this is because the element has been added (is a new element).","","","","","","","",,,,,"",,,,"Element.extension",0,*,"","ele-1:All FHIR elements must have a @value or children {hasValue() or (children().count() > id.count())}
ext-1:Must have either extensions or value[x], not both {extension.exists() != value.exists()}"
"Extension.extension:statusDate.extension:activity.id","Extension.extension.extension.id","","","",0,1,"","","","string {[]} {[]}
","Unique id for inter-element referencing","Unique id for the element within a resource (for internal references). This may be any string value that does not contain spaces.","","","","","","","","","",,,,,"",,,,"Element.id",0,1,"","","n/a"
"Extension.extension:statusDate.extension:activity.extension","Extension.extension.extension.extension","","extensions
user content","",0,*,"","","","Extension {[]} {[]}
","Additional content defined by implementations","May be used to represent additional information that is not part of the basic definition of the element. To make the use of extensions safe and manageable, there is a strict set of governance  applied to the definition and use of extensions. Though any implementer can define an extension, there is a set of requirements that SHALL be met as part of the definition of the extension.","There can be no stigma associated with the use of extensions by any application, project, or standard - regardless of the institution or jurisdiction that uses or defines the extensions.  The use of extensions is what allows the FHIR specification to retain a core level of simplicity for everyone.","","","","","","","","",,,,,"","value:url}
","Extensions are always sliced by (at least) url",,"open","Element.extension",0,*,"","ele-1:All FHIR elements must have a @value or children {hasValue() or (children().count() > id.count())}
ext-1:Must have either extensions or value[x], not both {extension.exists() != value.exists()}","n/a"
"Extension.extension:statusDate.extension:activity.url","Extension.extension.extension.url","","","",1,1,"","","","uri {[]} {[]}
","identifies the meaning of the extension","Source of the definition for the extension code - a logical name or a URL.","The definition may point directly to a computable or human-readable definition of the extensibility codes, or it may be a logical URI as declared in some other specification. The definition SHALL be a URI for the Structure Definition defining the extension.","","","","<valueUri xmlns=""http://hl7.org/fhir"" value=""activity""/>","","","","",,,,,"",,,,"Extension.url",1,1,"","","N/A"
"Extension.extension:statusDate.extension:activity.value[x]","Extension.extension.extension.value[x]","","","",1,1,"","","","CodeableConcept {[]} {[]}
","Classification of the status","A definition of the status associated with a date or period.","","","","","","","","","",,"extensible","","http://hl7.org/fhir/uv/xver/ValueSet/R5-cited-artifact-status-type-for-R4|0.1.0","",,,,"Extension.value[x]",0,1,"","ele-1:All FHIR elements must have a @value or children {hasValue() or (children().count() > id.count())}
","N/A"
"Extension.extension:statusDate.extension:actual","Extension.extension.extension","actual","","",0,1,"","","","Extension {[]} {[]}
","R5: Either occurred or expected (new)","R5: `Citation.citedArtifact.statusDate.actual` (new:boolean)","Element `Citation.citedArtifact.statusDate.actual` is part of an existing definition because parent element `Citation.citedArtifact.statusDate` requires a cross-version extension.
Element `Citation.citedArtifact.statusDate.actual` is not mapped to FHIR R4, since FHIR R5 `Citation` is not mapped.
Element `Citation.citedArtifact.statusDate.actual` has no mapping targets in FHIR R4. Typically, this is because the element has been added (is a new element).","Element `Citation.citedArtifact.statusDate.actual` is part of an existing definition because parent element `Citation.citedArtifact.statusDate` requires a cross-version extension.
Element `Citation.citedArtifact.statusDate.actual` is not mapped to FHIR R4, since FHIR R5 `Citation` is not mapped.
Element `Citation.citedArtifact.statusDate.actual` has no mapping targets in FHIR R4. Typically, this is because the element has been added (is a new element).","","","","","","","",,,,,"",,,,"Element.extension",0,*,"","ele-1:All FHIR elements must have a @value or children {hasValue() or (children().count() > id.count())}
ext-1:Must have either extensions or value[x], not both {extension.exists() != value.exists()}"
"Extension.extension:statusDate.extension:actual.id","Extension.extension.extension.id","","","",0,1,"","","","string {[]} {[]}
","Unique id for inter-element referencing","Unique id for the element within a resource (for internal references). This may be any string value that does not contain spaces.","","","","","","","","","",,,,,"",,,,"Element.id",0,1,"","","n/a"
"Extension.extension:statusDate.extension:actual.extension","Extension.extension.extension.extension","","extensions
user content","",0,*,"","","","Extension {[]} {[]}
","Additional content defined by implementations","May be used to represent additional information that is not part of the basic definition of the element. To make the use of extensions safe and manageable, there is a strict set of governance  applied to the definition and use of extensions. Though any implementer can define an extension, there is a set of requirements that SHALL be met as part of the definition of the extension.","There can be no stigma associated with the use of extensions by any application, project, or standard - regardless of the institution or jurisdiction that uses or defines the extensions.  The use of extensions is what allows the FHIR specification to retain a core level of simplicity for everyone.","","","","","","","","",,,,,"","value:url}
","Extensions are always sliced by (at least) url",,"open","Element.extension",0,*,"","ele-1:All FHIR elements must have a @value or children {hasValue() or (children().count() > id.count())}
ext-1:Must have either extensions or value[x], not both {extension.exists() != value.exists()}","n/a"
"Extension.extension:statusDate.extension:actual.url","Extension.extension.extension.url","","","",1,1,"","","","uri {[]} {[]}
","identifies the meaning of the extension","Source of the definition for the extension code - a logical name or a URL.","The definition may point directly to a computable or human-readable definition of the extensibility codes, or it may be a logical URI as declared in some other specification. The definition SHALL be a URI for the Structure Definition defining the extension.","","","","<valueUri xmlns=""http://hl7.org/fhir"" value=""actual""/>","","","","",,,,,"",,,,"Extension.url",1,1,"","","N/A"
"Extension.extension:statusDate.extension:actual.value[x]","Extension.extension.extension.value[x]","","","",0,1,"","","","boolean {[]} {[]}
","Either occurred or expected","Either occurred or expected.","","","","","","","","","",,,,,"",,,,"Extension.value[x]",0,1,"","ele-1:All FHIR elements must have a @value or children {hasValue() or (children().count() > id.count())}
","N/A"
"Extension.extension:statusDate.extension:period","Extension.extension.extension","period","","",1,1,"","","","Extension {[]} {[]}
","R5: When the status started and/or ended (new)","R5: `Citation.citedArtifact.statusDate.period` (new:Period)","Element `Citation.citedArtifact.statusDate.period` is part of an existing definition because parent element `Citation.citedArtifact.statusDate` requires a cross-version extension.
Element `Citation.citedArtifact.statusDate.period` is not mapped to FHIR R4, since FHIR R5 `Citation` is not mapped.
Element `Citation.citedArtifact.statusDate.period` has no mapping targets in FHIR R4. Typically, this is because the element has been added (is a new element).
For an instance, place the same value in both start and end elements.","Element `Citation.citedArtifact.statusDate.period` is part of an existing definition because parent element `Citation.citedArtifact.statusDate` requires a cross-version extension.
Element `Citation.citedArtifact.statusDate.period` is not mapped to FHIR R4, since FHIR R5 `Citation` is not mapped.
Element `Citation.citedArtifact.statusDate.period` has no mapping targets in FHIR R4. Typically, this is because the element has been added (is a new element).","","","","","","","",,,,,"",,,,"Element.extension",0,*,"","ele-1:All FHIR elements must have a @value or children {hasValue() or (children().count() > id.count())}
ext-1:Must have either extensions or value[x], not both {extension.exists() != value.exists()}"
"Extension.extension:statusDate.extension:period.id","Extension.extension.extension.id","","","",0,1,"","","","string {[]} {[]}
","Unique id for inter-element referencing","Unique id for the element within a resource (for internal references). This may be any string value that does not contain spaces.","","","","","","","","","",,,,,"",,,,"Element.id",0,1,"","","n/a"
"Extension.extension:statusDate.extension:period.extension","Extension.extension.extension.extension","","extensions
user content","",0,*,"","","","Extension {[]} {[]}
","Additional content defined by implementations","May be used to represent additional information that is not part of the basic definition of the element. To make the use of extensions safe and manageable, there is a strict set of governance  applied to the definition and use of extensions. Though any implementer can define an extension, there is a set of requirements that SHALL be met as part of the definition of the extension.","There can be no stigma associated with the use of extensions by any application, project, or standard - regardless of the institution or jurisdiction that uses or defines the extensions.  The use of extensions is what allows the FHIR specification to retain a core level of simplicity for everyone.","","","","","","","","",,,,,"","value:url}
","Extensions are always sliced by (at least) url",,"open","Element.extension",0,*,"","ele-1:All FHIR elements must have a @value or children {hasValue() or (children().count() > id.count())}
ext-1:Must have either extensions or value[x], not both {extension.exists() != value.exists()}","n/a"
"Extension.extension:statusDate.extension:period.url","Extension.extension.extension.url","","","",1,1,"","","","uri {[]} {[]}
","identifies the meaning of the extension","Source of the definition for the extension code - a logical name or a URL.","The definition may point directly to a computable or human-readable definition of the extensibility codes, or it may be a logical URI as declared in some other specification. The definition SHALL be a URI for the Structure Definition defining the extension.","","","","<valueUri xmlns=""http://hl7.org/fhir"" value=""period""/>","","","","",,,,,"",,,,"Extension.url",1,1,"","","N/A"
"Extension.extension:statusDate.extension:period.value[x]","Extension.extension.extension.value[x]","","","",1,1,"","","","Period {[]} {[]}
","When the status started and/or ended","When the status started and/or ended.","For an instance, place the same value in both start and end elements.","","","","","","","","",,,,,"",,,,"Extension.value[x]",0,1,"","ele-1:All FHIR elements must have a @value or children {hasValue() or (children().count() > id.count())}
","N/A"
"Extension.extension:statusDate.url","Extension.extension.url","","","",1,1,"","","","uri {[]} {[]}
","identifies the meaning of the extension","Source of the definition for the extension code - a logical name or a URL.","The definition may point directly to a computable or human-readable definition of the extensibility codes, or it may be a logical URI as declared in some other specification. The definition SHALL be a URI for the Structure Definition defining the extension.","","","","<valueUri xmlns=""http://hl7.org/fhir"" value=""statusDate""/>","","","","",,,,,"",,,,"Extension.url",1,1,"","","N/A"
"Extension.extension:statusDate.value[x]","Extension.extension.value[x]","","","",0,0,"","","","base64Binary {[]} {[]}
boolean {[]} {[]}canonical {[]} {[]}code {[]} {[]}date {[]} {[]}dateTime {[]} {[]}decimal {[]} {[]}id {[]} {[]}instant {[]} {[]}integer {[]} {[]}markdown {[]} {[]}oid {[]} {[]}positiveInt {[]} {[]}string {[]} {[]}time {[]} {[]}unsignedInt {[]} {[]}uri {[]} {[]}url {[]} {[]}uuid {[]} {[]}Address {[]} {[]}Age {[]} {[]}Annotation {[]} {[]}Attachment {[]} {[]}CodeableConcept {[]} {[]}Coding {[]} {[]}ContactPoint {[]} {[]}Count {[]} {[]}Distance {[]} {[]}Duration {[]} {[]}HumanName {[]} {[]}Identifier {[]} {[]}Money {[]} {[]}Period {[]} {[]}Quantity {[]} {[]}Range {[]} {[]}Ratio {[]} {[]}Reference {[]} {[]}SampledData {[]} {[]}Signature {[]} {[]}Timing {[]} {[]}ContactDetail {[]} {[]}Contributor {[]} {[]}DataRequirement {[]} {[]}Expression {[]} {[]}ParameterDefinition {[]} {[]}RelatedArtifact {[]} {[]}TriggerDefinition {[]} {[]}UsageContext {[]} {[]}Dosage {[]} {[]}Meta {[]} {[]}","Value of extension","Value of extension - must be one of a constrained set of the data types (see [Extensibility](http://hl7.org/fhir/R4/extensibility.html) for a list).","","","","","","","","","",,,,,"",,,,"Extension.value[x]",0,1,"","ele-1:All FHIR elements must have a @value or children {hasValue() or (children().count() > id.count())}
","N/A"
"Extension.extension:title","Extension.extension","title","","",0,*,"","","","Extension {[]} {[]}
","R5: The title details of the article or artifact (new)","R5: `Citation.citedArtifact.title` (new:BackboneElement)","Element `Citation.citedArtifact.title` is part of an existing definition because parent element `Citation.citedArtifact` requires a cross-version extension.
Element `Citation.citedArtifact.title` is not mapped to FHIR R4, since FHIR R5 `Citation` is not mapped.
Element `Citation.citedArtifact.title` has no mapping targets in FHIR R4. Typically, this is because the element has been added (is a new element).","Element `Citation.citedArtifact.title` is part of an existing definition because parent element `Citation.citedArtifact` requires a cross-version extension.
Element `Citation.citedArtifact.title` is not mapped to FHIR R4, since FHIR R5 `Citation` is not mapped.
Element `Citation.citedArtifact.title` has no mapping targets in FHIR R4. Typically, this is because the element has been added (is a new element).","","","","","","","",,,,,"",,,,"Element.extension",0,*,"","ele-1:All FHIR elements must have a @value or children {hasValue() or (children().count() > id.count())}
ext-1:Must have either extensions or value[x], not both {extension.exists() != value.exists()}"
"Extension.extension:title.id","Extension.extension.id","","","",0,1,"","","","string {[]} {[]}
","Unique id for inter-element referencing","Unique id for the element within a resource (for internal references). This may be any string value that does not contain spaces.","","","","","","","","","",,,,,"",,,,"Element.id",0,1,"","","n/a"
"Extension.extension:title.extension","Extension.extension.extension","","","",1,*,"","","","Extension {[]} {[]}
","Extension","An Extension","","","","","","","","","",,,,,"","value:url}
","Extensions are always sliced by (at least) url",,"open","Element.extension",0,*,"","ele-1:All FHIR elements must have a @value or children {hasValue() or (children().count() > id.count())}
ext-1:Must have either extensions or value[x], not both {extension.exists() != value.exists()}"
"Extension.extension:title.extension:type","Extension.extension.extension","type","","",0,*,"","","","Extension {[]} {[]}
","R5: The kind of title (new)","R5: `Citation.citedArtifact.title.type` (new:CodeableConcept)","Element `Citation.citedArtifact.title.type` is part of an existing definition because parent element `Citation.citedArtifact.title` requires a cross-version extension.
Element `Citation.citedArtifact.title.type` is not mapped to FHIR R4, since FHIR R5 `Citation` is not mapped.
Element `Citation.citedArtifact.title.type` has no mapping targets in FHIR R4. Typically, this is because the element has been added (is a new element).","Element `Citation.citedArtifact.title.type` is part of an existing definition because parent element `Citation.citedArtifact.title` requires a cross-version extension.
Element `Citation.citedArtifact.title.type` is not mapped to FHIR R4, since FHIR R5 `Citation` is not mapped.
Element `Citation.citedArtifact.title.type` has no mapping targets in FHIR R4. Typically, this is because the element has been added (is a new element).","","","","","","","",,,,,"",,,,"Element.extension",0,*,"","ele-1:All FHIR elements must have a @value or children {hasValue() or (children().count() > id.count())}
ext-1:Must have either extensions or value[x], not both {extension.exists() != value.exists()}"
"Extension.extension:title.extension:type.id","Extension.extension.extension.id","","","",0,1,"","","","string {[]} {[]}
","Unique id for inter-element referencing","Unique id for the element within a resource (for internal references). This may be any string value that does not contain spaces.","","","","","","","","","",,,,,"",,,,"Element.id",0,1,"","","n/a"
"Extension.extension:title.extension:type.extension","Extension.extension.extension.extension","","extensions
user content","",0,*,"","","","Extension {[]} {[]}
","Additional content defined by implementations","May be used to represent additional information that is not part of the basic definition of the element. To make the use of extensions safe and manageable, there is a strict set of governance  applied to the definition and use of extensions. Though any implementer can define an extension, there is a set of requirements that SHALL be met as part of the definition of the extension.","There can be no stigma associated with the use of extensions by any application, project, or standard - regardless of the institution or jurisdiction that uses or defines the extensions.  The use of extensions is what allows the FHIR specification to retain a core level of simplicity for everyone.","","","","","","","","",,,,,"","value:url}
","Extensions are always sliced by (at least) url",,"open","Element.extension",0,*,"","ele-1:All FHIR elements must have a @value or children {hasValue() or (children().count() > id.count())}
ext-1:Must have either extensions or value[x], not both {extension.exists() != value.exists()}","n/a"
"Extension.extension:title.extension:type.url","Extension.extension.extension.url","","","",1,1,"","","","uri {[]} {[]}
","identifies the meaning of the extension","Source of the definition for the extension code - a logical name or a URL.","The definition may point directly to a computable or human-readable definition of the extensibility codes, or it may be a logical URI as declared in some other specification. The definition SHALL be a URI for the Structure Definition defining the extension.","","","","<valueUri xmlns=""http://hl7.org/fhir"" value=""type""/>","","","","",,,,,"",,,,"Extension.url",1,1,"","","N/A"
"Extension.extension:title.extension:type.value[x]","Extension.extension.extension.value[x]","","","",0,1,"","","","CodeableConcept {[]} {[]}
","The kind of title","Used to express the reason for or classification of the title.","","","","","","","","","",,"extensible","","http://hl7.org/fhir/uv/xver/ValueSet/R5-title-type-for-R4|0.1.0","",,,,"Extension.value[x]",0,1,"","ele-1:All FHIR elements must have a @value or children {hasValue() or (children().count() > id.count())}
","N/A"
"Extension.extension:title.extension:language","Extension.extension.extension","language","","",0,1,"","","","Extension {[]} {[]}
","R5: Used to express the specific language (new)","R5: `Citation.citedArtifact.title.language` (new:CodeableConcept)","Element `Citation.citedArtifact.title.language` is part of an existing definition because parent element `Citation.citedArtifact.title` requires a cross-version extension.
Element `Citation.citedArtifact.title.language` is not mapped to FHIR R4, since FHIR R5 `Citation` is not mapped.
Element `Citation.citedArtifact.title.language` has no mapping targets in FHIR R4. Typically, this is because the element has been added (is a new element).","Element `Citation.citedArtifact.title.language` is part of an existing definition because parent element `Citation.citedArtifact.title` requires a cross-version extension.
Element `Citation.citedArtifact.title.language` is not mapped to FHIR R4, since FHIR R5 `Citation` is not mapped.
Element `Citation.citedArtifact.title.language` has no mapping targets in FHIR R4. Typically, this is because the element has been added (is a new element).","","","","","","","",,,,,"",,,,"Element.extension",0,*,"","ele-1:All FHIR elements must have a @value or children {hasValue() or (children().count() > id.count())}
ext-1:Must have either extensions or value[x], not both {extension.exists() != value.exists()}"
"Extension.extension:title.extension:language.id","Extension.extension.extension.id","","","",0,1,"","","","string {[]} {[]}
","Unique id for inter-element referencing","Unique id for the element within a resource (for internal references). This may be any string value that does not contain spaces.","","","","","","","","","",,,,,"",,,,"Element.id",0,1,"","","n/a"
"Extension.extension:title.extension:language.extension","Extension.extension.extension.extension","","extensions
user content","",0,*,"","","","Extension {[]} {[]}
","Additional content defined by implementations","May be used to represent additional information that is not part of the basic definition of the element. To make the use of extensions safe and manageable, there is a strict set of governance  applied to the definition and use of extensions. Though any implementer can define an extension, there is a set of requirements that SHALL be met as part of the definition of the extension.","There can be no stigma associated with the use of extensions by any application, project, or standard - regardless of the institution or jurisdiction that uses or defines the extensions.  The use of extensions is what allows the FHIR specification to retain a core level of simplicity for everyone.","","","","","","","","",,,,,"","value:url}
","Extensions are always sliced by (at least) url",,"open","Element.extension",0,*,"","ele-1:All FHIR elements must have a @value or children {hasValue() or (children().count() > id.count())}
ext-1:Must have either extensions or value[x], not both {extension.exists() != value.exists()}","n/a"
"Extension.extension:title.extension:language.url","Extension.extension.extension.url","","","",1,1,"","","","uri {[]} {[]}
","identifies the meaning of the extension","Source of the definition for the extension code - a logical name or a URL.","The definition may point directly to a computable or human-readable definition of the extensibility codes, or it may be a logical URI as declared in some other specification. The definition SHALL be a URI for the Structure Definition defining the extension.","","","","<valueUri xmlns=""http://hl7.org/fhir"" value=""language""/>","","","","",,,,,"",,,,"Extension.url",1,1,"","","N/A"
"Extension.extension:title.extension:language.value[x]","Extension.extension.extension.value[x]","","","",0,1,"","","","CodeableConcept {[]} {[]}
","Used to express the specific language","Used to express the specific language of the title.","","","","","","","","","",,"preferred","A human language.","http://hl7.org/fhir/uv/xver/ValueSet/R5-languages-for-R4|0.1.0","",,,,"Extension.value[x]",0,1,"","ele-1:All FHIR elements must have a @value or children {hasValue() or (children().count() > id.count())}
","N/A"
"Extension.extension:title.extension:text","Extension.extension.extension","text","","",1,1,"","","","Extension {[]} {[]}
","R5: The title of the article or artifact (new)","R5: `Citation.citedArtifact.title.text` (new:markdown)","Element `Citation.citedArtifact.title.text` is part of an existing definition because parent element `Citation.citedArtifact.title` requires a cross-version extension.
Element `Citation.citedArtifact.title.text` is not mapped to FHIR R4, since FHIR R5 `Citation` is not mapped.
Element `Citation.citedArtifact.title.text` has no mapping targets in FHIR R4. Typically, this is because the element has been added (is a new element).","Element `Citation.citedArtifact.title.text` is part of an existing definition because parent element `Citation.citedArtifact.title` requires a cross-version extension.
Element `Citation.citedArtifact.title.text` is not mapped to FHIR R4, since FHIR R5 `Citation` is not mapped.
Element `Citation.citedArtifact.title.text` has no mapping targets in FHIR R4. Typically, this is because the element has been added (is a new element).","","","","","","","",,,,,"",,,,"Element.extension",0,*,"","ele-1:All FHIR elements must have a @value or children {hasValue() or (children().count() > id.count())}
ext-1:Must have either extensions or value[x], not both {extension.exists() != value.exists()}"
"Extension.extension:title.extension:text.id","Extension.extension.extension.id","","","",0,1,"","","","string {[]} {[]}
","Unique id for inter-element referencing","Unique id for the element within a resource (for internal references). This may be any string value that does not contain spaces.","","","","","","","","","",,,,,"",,,,"Element.id",0,1,"","","n/a"
"Extension.extension:title.extension:text.extension","Extension.extension.extension.extension","","extensions
user content","",0,*,"","","","Extension {[]} {[]}
","Additional content defined by implementations","May be used to represent additional information that is not part of the basic definition of the element. To make the use of extensions safe and manageable, there is a strict set of governance  applied to the definition and use of extensions. Though any implementer can define an extension, there is a set of requirements that SHALL be met as part of the definition of the extension.","There can be no stigma associated with the use of extensions by any application, project, or standard - regardless of the institution or jurisdiction that uses or defines the extensions.  The use of extensions is what allows the FHIR specification to retain a core level of simplicity for everyone.","","","","","","","","",,,,,"","value:url}
","Extensions are always sliced by (at least) url",,"open","Element.extension",0,*,"","ele-1:All FHIR elements must have a @value or children {hasValue() or (children().count() > id.count())}
ext-1:Must have either extensions or value[x], not both {extension.exists() != value.exists()}","n/a"
"Extension.extension:title.extension:text.url","Extension.extension.extension.url","","","",1,1,"","","","uri {[]} {[]}
","identifies the meaning of the extension","Source of the definition for the extension code - a logical name or a URL.","The definition may point directly to a computable or human-readable definition of the extensibility codes, or it may be a logical URI as declared in some other specification. The definition SHALL be a URI for the Structure Definition defining the extension.","","","","<valueUri xmlns=""http://hl7.org/fhir"" value=""text""/>","","","","",,,,,"",,,,"Extension.url",1,1,"","","N/A"
"Extension.extension:title.extension:text.value[x]","Extension.extension.extension.value[x]","","","",1,1,"","","","markdown {[]} {[]}
","The title of the article or artifact","The title of the article or artifact.","","","","","","","","","",,,,,"",,,,"Extension.value[x]",0,1,"","ele-1:All FHIR elements must have a @value or children {hasValue() or (children().count() > id.count())}
","N/A"
"Extension.extension:title.url","Extension.extension.url","","","",1,1,"","","","uri {[]} {[]}
","identifies the meaning of the extension","Source of the definition for the extension code - a logical name or a URL.","The definition may point directly to a computable or human-readable definition of the extensibility codes, or it may be a logical URI as declared in some other specification. The definition SHALL be a URI for the Structure Definition defining the extension.","","","","<valueUri xmlns=""http://hl7.org/fhir"" value=""title""/>","","","","",,,,,"",,,,"Extension.url",1,1,"","","N/A"
"Extension.extension:title.value[x]","Extension.extension.value[x]","","","",0,0,"","","","base64Binary {[]} {[]}
boolean {[]} {[]}canonical {[]} {[]}code {[]} {[]}date {[]} {[]}dateTime {[]} {[]}decimal {[]} {[]}id {[]} {[]}instant {[]} {[]}integer {[]} {[]}markdown {[]} {[]}oid {[]} {[]}positiveInt {[]} {[]}string {[]} {[]}time {[]} {[]}unsignedInt {[]} {[]}uri {[]} {[]}url {[]} {[]}uuid {[]} {[]}Address {[]} {[]}Age {[]} {[]}Annotation {[]} {[]}Attachment {[]} {[]}CodeableConcept {[]} {[]}Coding {[]} {[]}ContactPoint {[]} {[]}Count {[]} {[]}Distance {[]} {[]}Duration {[]} {[]}HumanName {[]} {[]}Identifier {[]} {[]}Money {[]} {[]}Period {[]} {[]}Quantity {[]} {[]}Range {[]} {[]}Ratio {[]} {[]}Reference {[]} {[]}SampledData {[]} {[]}Signature {[]} {[]}Timing {[]} {[]}ContactDetail {[]} {[]}Contributor {[]} {[]}DataRequirement {[]} {[]}Expression {[]} {[]}ParameterDefinition {[]} {[]}RelatedArtifact {[]} {[]}TriggerDefinition {[]} {[]}UsageContext {[]} {[]}Dosage {[]} {[]}Meta {[]} {[]}","Value of extension","Value of extension - must be one of a constrained set of the data types (see [Extensibility](http://hl7.org/fhir/R4/extensibility.html) for a list).","","","","","","","","","",,,,,"",,,,"Extension.value[x]",0,1,"","ele-1:All FHIR elements must have a @value or children {hasValue() or (children().count() > id.count())}
","N/A"
"Extension.extension:abstract","Extension.extension","abstract","","",0,*,"","","","Extension {[]} {[]}
","R5: Summary of the article or artifact (new)","R5: `Citation.citedArtifact.abstract` (new:BackboneElement)","Element `Citation.citedArtifact.abstract` is part of an existing definition because parent element `Citation.citedArtifact` requires a cross-version extension.
Element `Citation.citedArtifact.abstract` is not mapped to FHIR R4, since FHIR R5 `Citation` is not mapped.
Element `Citation.citedArtifact.abstract` has no mapping targets in FHIR R4. Typically, this is because the element has been added (is a new element).","Element `Citation.citedArtifact.abstract` is part of an existing definition because parent element `Citation.citedArtifact` requires a cross-version extension.
Element `Citation.citedArtifact.abstract` is not mapped to FHIR R4, since FHIR R5 `Citation` is not mapped.
Element `Citation.citedArtifact.abstract` has no mapping targets in FHIR R4. Typically, this is because the element has been added (is a new element).","","","","","","","",,,,,"",,,,"Element.extension",0,*,"","ele-1:All FHIR elements must have a @value or children {hasValue() or (children().count() > id.count())}
ext-1:Must have either extensions or value[x], not both {extension.exists() != value.exists()}"
"Extension.extension:abstract.id","Extension.extension.id","","","",0,1,"","","","string {[]} {[]}
","Unique id for inter-element referencing","Unique id for the element within a resource (for internal references). This may be any string value that does not contain spaces.","","","","","","","","","",,,,,"",,,,"Element.id",0,1,"","","n/a"
"Extension.extension:abstract.extension","Extension.extension.extension","","","",1,*,"","","","Extension {[]} {[]}
","Extension","An Extension","","","","","","","","","",,,,,"","value:url}
","Extensions are always sliced by (at least) url",,"open","Element.extension",0,*,"","ele-1:All FHIR elements must have a @value or children {hasValue() or (children().count() > id.count())}
ext-1:Must have either extensions or value[x], not both {extension.exists() != value.exists()}"
"Extension.extension:abstract.extension:type","Extension.extension.extension","type","","",0,1,"","","","Extension {[]} {[]}
","R5: The kind of abstract (new)","R5: `Citation.citedArtifact.abstract.type` (new:CodeableConcept)","Element `Citation.citedArtifact.abstract.type` is part of an existing definition because parent element `Citation.citedArtifact.abstract` requires a cross-version extension.
Element `Citation.citedArtifact.abstract.type` is not mapped to FHIR R4, since FHIR R5 `Citation` is not mapped.
Element `Citation.citedArtifact.abstract.type` has no mapping targets in FHIR R4. Typically, this is because the element has been added (is a new element).","Element `Citation.citedArtifact.abstract.type` is part of an existing definition because parent element `Citation.citedArtifact.abstract` requires a cross-version extension.
Element `Citation.citedArtifact.abstract.type` is not mapped to FHIR R4, since FHIR R5 `Citation` is not mapped.
Element `Citation.citedArtifact.abstract.type` has no mapping targets in FHIR R4. Typically, this is because the element has been added (is a new element).","","","","","","","",,,,,"",,,,"Element.extension",0,*,"","ele-1:All FHIR elements must have a @value or children {hasValue() or (children().count() > id.count())}
ext-1:Must have either extensions or value[x], not both {extension.exists() != value.exists()}"
"Extension.extension:abstract.extension:type.id","Extension.extension.extension.id","","","",0,1,"","","","string {[]} {[]}
","Unique id for inter-element referencing","Unique id for the element within a resource (for internal references). This may be any string value that does not contain spaces.","","","","","","","","","",,,,,"",,,,"Element.id",0,1,"","","n/a"
"Extension.extension:abstract.extension:type.extension","Extension.extension.extension.extension","","extensions
user content","",0,*,"","","","Extension {[]} {[]}
","Additional content defined by implementations","May be used to represent additional information that is not part of the basic definition of the element. To make the use of extensions safe and manageable, there is a strict set of governance  applied to the definition and use of extensions. Though any implementer can define an extension, there is a set of requirements that SHALL be met as part of the definition of the extension.","There can be no stigma associated with the use of extensions by any application, project, or standard - regardless of the institution or jurisdiction that uses or defines the extensions.  The use of extensions is what allows the FHIR specification to retain a core level of simplicity for everyone.","","","","","","","","",,,,,"","value:url}
","Extensions are always sliced by (at least) url",,"open","Element.extension",0,*,"","ele-1:All FHIR elements must have a @value or children {hasValue() or (children().count() > id.count())}
ext-1:Must have either extensions or value[x], not both {extension.exists() != value.exists()}","n/a"
"Extension.extension:abstract.extension:type.url","Extension.extension.extension.url","","","",1,1,"","","","uri {[]} {[]}
","identifies the meaning of the extension","Source of the definition for the extension code - a logical name or a URL.","The definition may point directly to a computable or human-readable definition of the extensibility codes, or it may be a logical URI as declared in some other specification. The definition SHALL be a URI for the Structure Definition defining the extension.","","","","<valueUri xmlns=""http://hl7.org/fhir"" value=""type""/>","","","","",,,,,"",,,,"Extension.url",1,1,"","","N/A"
"Extension.extension:abstract.extension:type.value[x]","Extension.extension.extension.value[x]","","","",0,1,"","","","CodeableConcept {[]} {[]}
","The kind of abstract","Used to express the reason for or classification of the abstract.","","","","","","","","","",,"extensible","","http://hl7.org/fhir/uv/xver/ValueSet/R5-cited-artifact-abstract-type-for-R4|0.1.0","",,,,"Extension.value[x]",0,1,"","ele-1:All FHIR elements must have a @value or children {hasValue() or (children().count() > id.count())}
","N/A"
"Extension.extension:abstract.extension:language","Extension.extension.extension","language","","",0,1,"","","","Extension {[]} {[]}
","R5: Used to express the specific language (new)","R5: `Citation.citedArtifact.abstract.language` (new:CodeableConcept)","Element `Citation.citedArtifact.abstract.language` is part of an existing definition because parent element `Citation.citedArtifact.abstract` requires a cross-version extension.
Element `Citation.citedArtifact.abstract.language` is not mapped to FHIR R4, since FHIR R5 `Citation` is not mapped.
Element `Citation.citedArtifact.abstract.language` has no mapping targets in FHIR R4. Typically, this is because the element has been added (is a new element).","Element `Citation.citedArtifact.abstract.language` is part of an existing definition because parent element `Citation.citedArtifact.abstract` requires a cross-version extension.
Element `Citation.citedArtifact.abstract.language` is not mapped to FHIR R4, since FHIR R5 `Citation` is not mapped.
Element `Citation.citedArtifact.abstract.language` has no mapping targets in FHIR R4. Typically, this is because the element has been added (is a new element).","","","","","","","",,,,,"",,,,"Element.extension",0,*,"","ele-1:All FHIR elements must have a @value or children {hasValue() or (children().count() > id.count())}
ext-1:Must have either extensions or value[x], not both {extension.exists() != value.exists()}"
"Extension.extension:abstract.extension:language.id","Extension.extension.extension.id","","","",0,1,"","","","string {[]} {[]}
","Unique id for inter-element referencing","Unique id for the element within a resource (for internal references). This may be any string value that does not contain spaces.","","","","","","","","","",,,,,"",,,,"Element.id",0,1,"","","n/a"
"Extension.extension:abstract.extension:language.extension","Extension.extension.extension.extension","","extensions
user content","",0,*,"","","","Extension {[]} {[]}
","Additional content defined by implementations","May be used to represent additional information that is not part of the basic definition of the element. To make the use of extensions safe and manageable, there is a strict set of governance  applied to the definition and use of extensions. Though any implementer can define an extension, there is a set of requirements that SHALL be met as part of the definition of the extension.","There can be no stigma associated with the use of extensions by any application, project, or standard - regardless of the institution or jurisdiction that uses or defines the extensions.  The use of extensions is what allows the FHIR specification to retain a core level of simplicity for everyone.","","","","","","","","",,,,,"","value:url}
","Extensions are always sliced by (at least) url",,"open","Element.extension",0,*,"","ele-1:All FHIR elements must have a @value or children {hasValue() or (children().count() > id.count())}
ext-1:Must have either extensions or value[x], not both {extension.exists() != value.exists()}","n/a"
"Extension.extension:abstract.extension:language.url","Extension.extension.extension.url","","","",1,1,"","","","uri {[]} {[]}
","identifies the meaning of the extension","Source of the definition for the extension code - a logical name or a URL.","The definition may point directly to a computable or human-readable definition of the extensibility codes, or it may be a logical URI as declared in some other specification. The definition SHALL be a URI for the Structure Definition defining the extension.","","","","<valueUri xmlns=""http://hl7.org/fhir"" value=""language""/>","","","","",,,,,"",,,,"Extension.url",1,1,"","","N/A"
"Extension.extension:abstract.extension:language.value[x]","Extension.extension.extension.value[x]","","","",0,1,"","","","CodeableConcept {[]} {[]}
","Used to express the specific language","Used to express the specific language of the abstract.","","","","","","","","","",,"preferred","A human language.","http://hl7.org/fhir/uv/xver/ValueSet/R5-languages-for-R4|0.1.0","",,,,"Extension.value[x]",0,1,"","ele-1:All FHIR elements must have a @value or children {hasValue() or (children().count() > id.count())}
","N/A"
"Extension.extension:abstract.extension:text","Extension.extension.extension","text","","",1,1,"","","","Extension {[]} {[]}
","R5: Abstract content (new)","R5: `Citation.citedArtifact.abstract.text` (new:markdown)","Element `Citation.citedArtifact.abstract.text` is part of an existing definition because parent element `Citation.citedArtifact.abstract` requires a cross-version extension.
Element `Citation.citedArtifact.abstract.text` is not mapped to FHIR R4, since FHIR R5 `Citation` is not mapped.
Element `Citation.citedArtifact.abstract.text` has no mapping targets in FHIR R4. Typically, this is because the element has been added (is a new element).","Element `Citation.citedArtifact.abstract.text` is part of an existing definition because parent element `Citation.citedArtifact.abstract` requires a cross-version extension.
Element `Citation.citedArtifact.abstract.text` is not mapped to FHIR R4, since FHIR R5 `Citation` is not mapped.
Element `Citation.citedArtifact.abstract.text` has no mapping targets in FHIR R4. Typically, this is because the element has been added (is a new element).","","","","","","","",,,,,"",,,,"Element.extension",0,*,"","ele-1:All FHIR elements must have a @value or children {hasValue() or (children().count() > id.count())}
ext-1:Must have either extensions or value[x], not both {extension.exists() != value.exists()}"
"Extension.extension:abstract.extension:text.id","Extension.extension.extension.id","","","",0,1,"","","","string {[]} {[]}
","Unique id for inter-element referencing","Unique id for the element within a resource (for internal references). This may be any string value that does not contain spaces.","","","","","","","","","",,,,,"",,,,"Element.id",0,1,"","","n/a"
"Extension.extension:abstract.extension:text.extension","Extension.extension.extension.extension","","extensions
user content","",0,*,"","","","Extension {[]} {[]}
","Additional content defined by implementations","May be used to represent additional information that is not part of the basic definition of the element. To make the use of extensions safe and manageable, there is a strict set of governance  applied to the definition and use of extensions. Though any implementer can define an extension, there is a set of requirements that SHALL be met as part of the definition of the extension.","There can be no stigma associated with the use of extensions by any application, project, or standard - regardless of the institution or jurisdiction that uses or defines the extensions.  The use of extensions is what allows the FHIR specification to retain a core level of simplicity for everyone.","","","","","","","","",,,,,"","value:url}
","Extensions are always sliced by (at least) url",,"open","Element.extension",0,*,"","ele-1:All FHIR elements must have a @value or children {hasValue() or (children().count() > id.count())}
ext-1:Must have either extensions or value[x], not both {extension.exists() != value.exists()}","n/a"
"Extension.extension:abstract.extension:text.url","Extension.extension.extension.url","","","",1,1,"","","","uri {[]} {[]}
","identifies the meaning of the extension","Source of the definition for the extension code - a logical name or a URL.","The definition may point directly to a computable or human-readable definition of the extensibility codes, or it may be a logical URI as declared in some other specification. The definition SHALL be a URI for the Structure Definition defining the extension.","","","","<valueUri xmlns=""http://hl7.org/fhir"" value=""text""/>","","","","",,,,,"",,,,"Extension.url",1,1,"","","N/A"
"Extension.extension:abstract.extension:text.value[x]","Extension.extension.extension.value[x]","","","",1,1,"","","","markdown {[]} {[]}
","Abstract content","Abstract content.","","","","","","","","","",,,,,"",,,,"Extension.value[x]",0,1,"","ele-1:All FHIR elements must have a @value or children {hasValue() or (children().count() > id.count())}
","N/A"
"Extension.extension:abstract.extension:copyright","Extension.extension.extension","copyright","","",0,1,"","","","Extension {[]} {[]}
","R5: Copyright notice for the abstract (new)","R5: `Citation.citedArtifact.abstract.copyright` (new:markdown)","Element `Citation.citedArtifact.abstract.copyright` is part of an existing definition because parent element `Citation.citedArtifact.abstract` requires a cross-version extension.
Element `Citation.citedArtifact.abstract.copyright` is not mapped to FHIR R4, since FHIR R5 `Citation` is not mapped.
Element `Citation.citedArtifact.abstract.copyright` has no mapping targets in FHIR R4. Typically, this is because the element has been added (is a new element).
There is also a copyright element in the publicationForm element, so this copyright element is intended for copyright of the abstract.","Element `Citation.citedArtifact.abstract.copyright` is part of an existing definition because parent element `Citation.citedArtifact.abstract` requires a cross-version extension.
Element `Citation.citedArtifact.abstract.copyright` is not mapped to FHIR R4, since FHIR R5 `Citation` is not mapped.
Element `Citation.citedArtifact.abstract.copyright` has no mapping targets in FHIR R4. Typically, this is because the element has been added (is a new element).","","","","","","","",,,,,"",,,,"Element.extension",0,*,"","ele-1:All FHIR elements must have a @value or children {hasValue() or (children().count() > id.count())}
ext-1:Must have either extensions or value[x], not both {extension.exists() != value.exists()}"
"Extension.extension:abstract.extension:copyright.id","Extension.extension.extension.id","","","",0,1,"","","","string {[]} {[]}
","Unique id for inter-element referencing","Unique id for the element within a resource (for internal references). This may be any string value that does not contain spaces.","","","","","","","","","",,,,,"",,,,"Element.id",0,1,"","","n/a"
"Extension.extension:abstract.extension:copyright.extension","Extension.extension.extension.extension","","extensions
user content","",0,*,"","","","Extension {[]} {[]}
","Additional content defined by implementations","May be used to represent additional information that is not part of the basic definition of the element. To make the use of extensions safe and manageable, there is a strict set of governance  applied to the definition and use of extensions. Though any implementer can define an extension, there is a set of requirements that SHALL be met as part of the definition of the extension.","There can be no stigma associated with the use of extensions by any application, project, or standard - regardless of the institution or jurisdiction that uses or defines the extensions.  The use of extensions is what allows the FHIR specification to retain a core level of simplicity for everyone.","","","","","","","","",,,,,"","value:url}
","Extensions are always sliced by (at least) url",,"open","Element.extension",0,*,"","ele-1:All FHIR elements must have a @value or children {hasValue() or (children().count() > id.count())}
ext-1:Must have either extensions or value[x], not both {extension.exists() != value.exists()}","n/a"
"Extension.extension:abstract.extension:copyright.url","Extension.extension.extension.url","","","",1,1,"","","","uri {[]} {[]}
","identifies the meaning of the extension","Source of the definition for the extension code - a logical name or a URL.","The definition may point directly to a computable or human-readable definition of the extensibility codes, or it may be a logical URI as declared in some other specification. The definition SHALL be a URI for the Structure Definition defining the extension.","","","","<valueUri xmlns=""http://hl7.org/fhir"" value=""copyright""/>","","","","",,,,,"",,,,"Extension.url",1,1,"","","N/A"
"Extension.extension:abstract.extension:copyright.value[x]","Extension.extension.extension.value[x]","","","",0,1,"","","","markdown {[]} {[]}
","Copyright notice for the abstract","Copyright notice for the abstract.","There is also a copyright element in the publicationForm element, so this copyright element is intended for copyright of the abstract.","","","","","","","","",,,,,"",,,,"Extension.value[x]",0,1,"","ele-1:All FHIR elements must have a @value or children {hasValue() or (children().count() > id.count())}
","N/A"
"Extension.extension:abstract.url","Extension.extension.url","","","",1,1,"","","","uri {[]} {[]}
","identifies the meaning of the extension","Source of the definition for the extension code - a logical name or a URL.","The definition may point directly to a computable or human-readable definition of the extensibility codes, or it may be a logical URI as declared in some other specification. The definition SHALL be a URI for the Structure Definition defining the extension.","","","","<valueUri xmlns=""http://hl7.org/fhir"" value=""abstract""/>","","","","",,,,,"",,,,"Extension.url",1,1,"","","N/A"
"Extension.extension:abstract.value[x]","Extension.extension.value[x]","","","",0,0,"","","","base64Binary {[]} {[]}
boolean {[]} {[]}canonical {[]} {[]}code {[]} {[]}date {[]} {[]}dateTime {[]} {[]}decimal {[]} {[]}id {[]} {[]}instant {[]} {[]}integer {[]} {[]}markdown {[]} {[]}oid {[]} {[]}positiveInt {[]} {[]}string {[]} {[]}time {[]} {[]}unsignedInt {[]} {[]}uri {[]} {[]}url {[]} {[]}uuid {[]} {[]}Address {[]} {[]}Age {[]} {[]}Annotation {[]} {[]}Attachment {[]} {[]}CodeableConcept {[]} {[]}Coding {[]} {[]}ContactPoint {[]} {[]}Count {[]} {[]}Distance {[]} {[]}Duration {[]} {[]}HumanName {[]} {[]}Identifier {[]} {[]}Money {[]} {[]}Period {[]} {[]}Quantity {[]} {[]}Range {[]} {[]}Ratio {[]} {[]}Reference {[]} {[]}SampledData {[]} {[]}Signature {[]} {[]}Timing {[]} {[]}ContactDetail {[]} {[]}Contributor {[]} {[]}DataRequirement {[]} {[]}Expression {[]} {[]}ParameterDefinition {[]} {[]}RelatedArtifact {[]} {[]}TriggerDefinition {[]} {[]}UsageContext {[]} {[]}Dosage {[]} {[]}Meta {[]} {[]}","Value of extension","Value of extension - must be one of a constrained set of the data types (see [Extensibility](http://hl7.org/fhir/R4/extensibility.html) for a list).","","","","","","","","","",,,,,"",,,,"Extension.value[x]",0,1,"","ele-1:All FHIR elements must have a @value or children {hasValue() or (children().count() > id.count())}
","N/A"
"Extension.extension:part","Extension.extension","part","","",0,1,"","","","Extension {[]} {[]}
","R5: The component of the article or artifact (new)","R5: `Citation.citedArtifact.part` (new:BackboneElement)","Element `Citation.citedArtifact.part` is part of an existing definition because parent element `Citation.citedArtifact` requires a cross-version extension.
Element `Citation.citedArtifact.part` is not mapped to FHIR R4, since FHIR R5 `Citation` is not mapped.
Element `Citation.citedArtifact.part` has no mapping targets in FHIR R4. Typically, this is because the element has been added (is a new element).","Element `Citation.citedArtifact.part` is part of an existing definition because parent element `Citation.citedArtifact` requires a cross-version extension.
Element `Citation.citedArtifact.part` is not mapped to FHIR R4, since FHIR R5 `Citation` is not mapped.
Element `Citation.citedArtifact.part` has no mapping targets in FHIR R4. Typically, this is because the element has been added (is a new element).","","","","","","","",,,,,"",,,,"Element.extension",0,*,"","ele-1:All FHIR elements must have a @value or children {hasValue() or (children().count() > id.count())}
ext-1:Must have either extensions or value[x], not both {extension.exists() != value.exists()}"
"Extension.extension:part.id","Extension.extension.id","","","",0,1,"","","","string {[]} {[]}
","Unique id for inter-element referencing","Unique id for the element within a resource (for internal references). This may be any string value that does not contain spaces.","","","","","","","","","",,,,,"",,,,"Element.id",0,1,"","","n/a"
"Extension.extension:part.extension","Extension.extension.extension","","","",0,*,"","","","Extension {[]} {[]}
","Extension","An Extension","","","","","","","","","",,,,,"","value:url}
","Extensions are always sliced by (at least) url",,"open","Element.extension",0,*,"","ele-1:All FHIR elements must have a @value or children {hasValue() or (children().count() > id.count())}
ext-1:Must have either extensions or value[x], not both {extension.exists() != value.exists()}"
"Extension.extension:part.extension:type","Extension.extension.extension","type","","",0,1,"","","","Extension {[]} {[]}
","R5: The kind of component (new)","R5: `Citation.citedArtifact.part.type` (new:CodeableConcept)","Element `Citation.citedArtifact.part.type` is part of an existing definition because parent element `Citation.citedArtifact.part` requires a cross-version extension.
Element `Citation.citedArtifact.part.type` is not mapped to FHIR R4, since FHIR R5 `Citation` is not mapped.
Element `Citation.citedArtifact.part.type` has no mapping targets in FHIR R4. Typically, this is because the element has been added (is a new element).","Element `Citation.citedArtifact.part.type` is part of an existing definition because parent element `Citation.citedArtifact.part` requires a cross-version extension.
Element `Citation.citedArtifact.part.type` is not mapped to FHIR R4, since FHIR R5 `Citation` is not mapped.
Element `Citation.citedArtifact.part.type` has no mapping targets in FHIR R4. Typically, this is because the element has been added (is a new element).","","","","","","","",,,,,"",,,,"Element.extension",0,*,"","ele-1:All FHIR elements must have a @value or children {hasValue() or (children().count() > id.count())}
ext-1:Must have either extensions or value[x], not both {extension.exists() != value.exists()}"
"Extension.extension:part.extension:type.id","Extension.extension.extension.id","","","",0,1,"","","","string {[]} {[]}
","Unique id for inter-element referencing","Unique id for the element within a resource (for internal references). This may be any string value that does not contain spaces.","","","","","","","","","",,,,,"",,,,"Element.id",0,1,"","","n/a"
"Extension.extension:part.extension:type.extension","Extension.extension.extension.extension","","extensions
user content","",0,*,"","","","Extension {[]} {[]}
","Additional content defined by implementations","May be used to represent additional information that is not part of the basic definition of the element. To make the use of extensions safe and manageable, there is a strict set of governance  applied to the definition and use of extensions. Though any implementer can define an extension, there is a set of requirements that SHALL be met as part of the definition of the extension.","There can be no stigma associated with the use of extensions by any application, project, or standard - regardless of the institution or jurisdiction that uses or defines the extensions.  The use of extensions is what allows the FHIR specification to retain a core level of simplicity for everyone.","","","","","","","","",,,,,"","value:url}
","Extensions are always sliced by (at least) url",,"open","Element.extension",0,*,"","ele-1:All FHIR elements must have a @value or children {hasValue() or (children().count() > id.count())}
ext-1:Must have either extensions or value[x], not both {extension.exists() != value.exists()}","n/a"
"Extension.extension:part.extension:type.url","Extension.extension.extension.url","","","",1,1,"","","","uri {[]} {[]}
","identifies the meaning of the extension","Source of the definition for the extension code - a logical name or a URL.","The definition may point directly to a computable or human-readable definition of the extensibility codes, or it may be a logical URI as declared in some other specification. The definition SHALL be a URI for the Structure Definition defining the extension.","","","","<valueUri xmlns=""http://hl7.org/fhir"" value=""type""/>","","","","",,,,,"",,,,"Extension.url",1,1,"","","N/A"
"Extension.extension:part.extension:type.value[x]","Extension.extension.extension.value[x]","","","",0,1,"","","","CodeableConcept {[]} {[]}
","The kind of component","The kind of component.","","","","","","","","","",,"extensible","","http://hl7.org/fhir/uv/xver/ValueSet/R5-cited-artifact-part-type-for-R4|0.1.0","",,,,"Extension.value[x]",0,1,"","ele-1:All FHIR elements must have a @value or children {hasValue() or (children().count() > id.count())}
","N/A"
"Extension.extension:part.extension:value","Extension.extension.extension","value","","",0,1,"","","","Extension {[]} {[]}
","R5: The specification of the component (new)","R5: `Citation.citedArtifact.part.value` (new:string)","Element `Citation.citedArtifact.part.value` is part of an existing definition because parent element `Citation.citedArtifact.part` requires a cross-version extension.
Element `Citation.citedArtifact.part.value` is not mapped to FHIR R4, since FHIR R5 `Citation` is not mapped.
Element `Citation.citedArtifact.part.value` has no mapping targets in FHIR R4. Typically, this is because the element has been added (is a new element).","Element `Citation.citedArtifact.part.value` is part of an existing definition because parent element `Citation.citedArtifact.part` requires a cross-version extension.
Element `Citation.citedArtifact.part.value` is not mapped to FHIR R4, since FHIR R5 `Citation` is not mapped.
Element `Citation.citedArtifact.part.value` has no mapping targets in FHIR R4. Typically, this is because the element has been added (is a new element).","","","","","","","",,,,,"",,,,"Element.extension",0,*,"","ele-1:All FHIR elements must have a @value or children {hasValue() or (children().count() > id.count())}
ext-1:Must have either extensions or value[x], not both {extension.exists() != value.exists()}"
"Extension.extension:part.extension:value.id","Extension.extension.extension.id","","","",0,1,"","","","string {[]} {[]}
","Unique id for inter-element referencing","Unique id for the element within a resource (for internal references). This may be any string value that does not contain spaces.","","","","","","","","","",,,,,"",,,,"Element.id",0,1,"","","n/a"
"Extension.extension:part.extension:value.extension","Extension.extension.extension.extension","","extensions
user content","",0,*,"","","","Extension {[]} {[]}
","Additional content defined by implementations","May be used to represent additional information that is not part of the basic definition of the element. To make the use of extensions safe and manageable, there is a strict set of governance  applied to the definition and use of extensions. Though any implementer can define an extension, there is a set of requirements that SHALL be met as part of the definition of the extension.","There can be no stigma associated with the use of extensions by any application, project, or standard - regardless of the institution or jurisdiction that uses or defines the extensions.  The use of extensions is what allows the FHIR specification to retain a core level of simplicity for everyone.","","","","","","","","",,,,,"","value:url}
","Extensions are always sliced by (at least) url",,"open","Element.extension",0,*,"","ele-1:All FHIR elements must have a @value or children {hasValue() or (children().count() > id.count())}
ext-1:Must have either extensions or value[x], not both {extension.exists() != value.exists()}","n/a"
"Extension.extension:part.extension:value.url","Extension.extension.extension.url","","","",1,1,"","","","uri {[]} {[]}
","identifies the meaning of the extension","Source of the definition for the extension code - a logical name or a URL.","The definition may point directly to a computable or human-readable definition of the extensibility codes, or it may be a logical URI as declared in some other specification. The definition SHALL be a URI for the Structure Definition defining the extension.","","","","<valueUri xmlns=""http://hl7.org/fhir"" value=""value""/>","","","","",,,,,"",,,,"Extension.url",1,1,"","","N/A"
"Extension.extension:part.extension:value.value[x]","Extension.extension.extension.value[x]","","","",0,1,"","","","string {[]} {[]}
","The specification of the component","The specification of the component.","","","","","","","","","",,,,,"",,,,"Extension.value[x]",0,1,"","ele-1:All FHIR elements must have a @value or children {hasValue() or (children().count() > id.count())}
","N/A"
"Extension.extension:part.extension:baseCitation","Extension.extension.extension","baseCitation","","",0,1,"","","","Extension {[]} {[]}
","R5: The citation for the full article or artifact (new)","R5: `Citation.citedArtifact.part.baseCitation` (new:Reference(Citation))","Element `Citation.citedArtifact.part.baseCitation` is part of an existing definition because parent element `Citation.citedArtifact.part` requires a cross-version extension.
Element `Citation.citedArtifact.part.baseCitation` is not mapped to FHIR R4, since FHIR R5 `Citation` is not mapped.
Element `Citation.citedArtifact.part.baseCitation` has no mapping targets in FHIR R4. Typically, this is because the element has been added (is a new element).
When referencing a baseCitation, one may inherit any data from the referenced Citation Resource and consider any data in the current Citation Resource as superceding to be specific to the citation of the specified part. For example, the part-specific Citation may have additional contributorship data that supercedes the contributorship data for the full citation when there is a need to uniquely report the contributorship for an image or supplement associated with the fuller citation record.","Element `Citation.citedArtifact.part.baseCitation` is part of an existing definition because parent element `Citation.citedArtifact.part` requires a cross-version extension.
Element `Citation.citedArtifact.part.baseCitation` is not mapped to FHIR R4, since FHIR R5 `Citation` is not mapped.
Element `Citation.citedArtifact.part.baseCitation` has no mapping targets in FHIR R4. Typically, this is because the element has been added (is a new element).","","","","","","","",,,,,"",,,,"Element.extension",0,*,"","ele-1:All FHIR elements must have a @value or children {hasValue() or (children().count() > id.count())}
ext-1:Must have either extensions or value[x], not both {extension.exists() != value.exists()}"
"Extension.extension:part.extension:baseCitation.id","Extension.extension.extension.id","","","",0,1,"","","","string {[]} {[]}
","Unique id for inter-element referencing","Unique id for the element within a resource (for internal references). This may be any string value that does not contain spaces.","","","","","","","","","",,,,,"",,,,"Element.id",0,1,"","","n/a"
"Extension.extension:part.extension:baseCitation.extension","Extension.extension.extension.extension","","extensions
user content","",0,*,"","","","Extension {[]} {[]}
","Additional content defined by implementations","May be used to represent additional information that is not part of the basic definition of the element. To make the use of extensions safe and manageable, there is a strict set of governance  applied to the definition and use of extensions. Though any implementer can define an extension, there is a set of requirements that SHALL be met as part of the definition of the extension.","There can be no stigma associated with the use of extensions by any application, project, or standard - regardless of the institution or jurisdiction that uses or defines the extensions.  The use of extensions is what allows the FHIR specification to retain a core level of simplicity for everyone.","","","","","","","","",,,,,"","value:url}
","Extensions are always sliced by (at least) url",,"open","Element.extension",0,*,"","ele-1:All FHIR elements must have a @value or children {hasValue() or (children().count() > id.count())}
ext-1:Must have either extensions or value[x], not both {extension.exists() != value.exists()}","n/a"
"Extension.extension:part.extension:baseCitation.url","Extension.extension.extension.url","","","",1,1,"","","","uri {[]} {[]}
","identifies the meaning of the extension","Source of the definition for the extension code - a logical name or a URL.","The definition may point directly to a computable or human-readable definition of the extensibility codes, or it may be a logical URI as declared in some other specification. The definition SHALL be a URI for the Structure Definition defining the extension.","","","","<valueUri xmlns=""http://hl7.org/fhir"" value=""baseCitation""/>","","","","",,,,,"",,,,"Extension.url",1,1,"","","N/A"
"Extension.extension:part.extension:baseCitation.value[x]","Extension.extension.extension.value[x]","","","",0,1,"","","","Reference {[]} {[CanonicalType[http://hl7.org/fhir/5.0/StructureDefinition/profile-Citation|0.1.0], CanonicalType[http://hl7.org/fhir/StructureDefinition/Basic|4.0.1]]}
","The citation for the full article or artifact","The citation for the full article or artifact.","When referencing a baseCitation, one may inherit any data from the referenced Citation Resource and consider any data in the current Citation Resource as superceding to be specific to the citation of the specified part. For example, the part-specific Citation may have additional contributorship data that supercedes the contributorship data for the full citation when there is a need to uniquely report the contributorship for an image or supplement associated with the fuller citation record.","","","","","","","","",,,,,"",,,,"Extension.value[x]",0,1,"","ele-1:All FHIR elements must have a @value or children {hasValue() or (children().count() > id.count())}
","N/A"
"Extension.extension:part.url","Extension.extension.url","","","",1,1,"","","","uri {[]} {[]}
","identifies the meaning of the extension","Source of the definition for the extension code - a logical name or a URL.","The definition may point directly to a computable or human-readable definition of the extensibility codes, or it may be a logical URI as declared in some other specification. The definition SHALL be a URI for the Structure Definition defining the extension.","","","","<valueUri xmlns=""http://hl7.org/fhir"" value=""part""/>","","","","",,,,,"",,,,"Extension.url",1,1,"","","N/A"
"Extension.extension:part.value[x]","Extension.extension.value[x]","","","",0,0,"","","","base64Binary {[]} {[]}
boolean {[]} {[]}canonical {[]} {[]}code {[]} {[]}date {[]} {[]}dateTime {[]} {[]}decimal {[]} {[]}id {[]} {[]}instant {[]} {[]}integer {[]} {[]}markdown {[]} {[]}oid {[]} {[]}positiveInt {[]} {[]}string {[]} {[]}time {[]} {[]}unsignedInt {[]} {[]}uri {[]} {[]}url {[]} {[]}uuid {[]} {[]}Address {[]} {[]}Age {[]} {[]}Annotation {[]} {[]}Attachment {[]} {[]}CodeableConcept {[]} {[]}Coding {[]} {[]}ContactPoint {[]} {[]}Count {[]} {[]}Distance {[]} {[]}Duration {[]} {[]}HumanName {[]} {[]}Identifier {[]} {[]}Money {[]} {[]}Period {[]} {[]}Quantity {[]} {[]}Range {[]} {[]}Ratio {[]} {[]}Reference {[]} {[]}SampledData {[]} {[]}Signature {[]} {[]}Timing {[]} {[]}ContactDetail {[]} {[]}Contributor {[]} {[]}DataRequirement {[]} {[]}Expression {[]} {[]}ParameterDefinition {[]} {[]}RelatedArtifact {[]} {[]}TriggerDefinition {[]} {[]}UsageContext {[]} {[]}Dosage {[]} {[]}Meta {[]} {[]}","Value of extension","Value of extension - must be one of a constrained set of the data types (see [Extensibility](http://hl7.org/fhir/R4/extensibility.html) for a list).","","","","","","","","","",,,,,"",,,,"Extension.value[x]",0,1,"","ele-1:All FHIR elements must have a @value or children {hasValue() or (children().count() > id.count())}
","N/A"
"Extension.extension:relatesTo","Extension.extension","relatesTo","","",0,*,"","","","Extension {[]} {[]}
","R5: The artifact related to the cited artifact (new)","R5: `Citation.citedArtifact.relatesTo` (new:BackboneElement)","Element `Citation.citedArtifact.relatesTo` is part of an existing definition because parent element `Citation.citedArtifact` requires a cross-version extension.
Element `Citation.citedArtifact.relatesTo` is not mapped to FHIR R4, since FHIR R5 `Citation` is not mapped.
Element `Citation.citedArtifact.relatesTo` has no mapping targets in FHIR R4. Typically, this is because the element has been added (is a new element).
The citedArtifact.relatesTo element uses a BackboneElement instead of the RelatedArtifact Datatype to enable use of an extended value set for the required code for the type of relationship.","Element `Citation.citedArtifact.relatesTo` is part of an existing definition because parent element `Citation.citedArtifact` requires a cross-version extension.
Element `Citation.citedArtifact.relatesTo` is not mapped to FHIR R4, since FHIR R5 `Citation` is not mapped.
Element `Citation.citedArtifact.relatesTo` has no mapping targets in FHIR R4. Typically, this is because the element has been added (is a new element).","","","","","","","",,,,,"",,,,"Element.extension",0,*,"","ele-1:All FHIR elements must have a @value or children {hasValue() or (children().count() > id.count())}
ext-1:Must have either extensions or value[x], not both {extension.exists() != value.exists()}"
"Extension.extension:relatesTo.id","Extension.extension.id","","","",0,1,"","","","string {[]} {[]}
","Unique id for inter-element referencing","Unique id for the element within a resource (for internal references). This may be any string value that does not contain spaces.","","","","","","","","","",,,,,"",,,,"Element.id",0,1,"","","n/a"
"Extension.extension:relatesTo.extension","Extension.extension.extension","","","",1,*,"","","","Extension {[]} {[]}
","Extension","An Extension","","","","","","","","","",,,,,"","value:url}
","Extensions are always sliced by (at least) url",,"open","Element.extension",0,*,"","ele-1:All FHIR elements must have a @value or children {hasValue() or (children().count() > id.count())}
ext-1:Must have either extensions or value[x], not both {extension.exists() != value.exists()}"
"Extension.extension:relatesTo.extension:type","Extension.extension.extension","type","","",1,1,"","","","Extension {[]} {[]}
","R5: documentation | justification | citation | predecessor | successor | derived-from | depends-on | composed-of | part-of | amends | amended-with | appends | appended-with | cites | cited-by | comments-on | comment-in | contains | contained-in | corrects | correction-in | replaces | replaced-with | retracts | retracted-by | signs | similar-to | supports | supported-with | transforms | transformed-into | transformed-with | documents | specification-of | created-with | cite-as | reprint | reprint-of (new)","R5: `Citation.citedArtifact.relatesTo.type` (new:code)","Element `Citation.citedArtifact.relatesTo.type` is part of an existing definition because parent element `Citation.citedArtifact.relatesTo` requires a cross-version extension.
Element `Citation.citedArtifact.relatesTo.type` is not mapped to FHIR R4, since FHIR R5 `Citation` is not mapped.
Element `Citation.citedArtifact.relatesTo.type` has no mapping targets in FHIR R4. Typically, this is because the element has been added (is a new element).","Element `Citation.citedArtifact.relatesTo.type` is part of an existing definition because parent element `Citation.citedArtifact.relatesTo` requires a cross-version extension.
Element `Citation.citedArtifact.relatesTo.type` is not mapped to FHIR R4, since FHIR R5 `Citation` is not mapped.
Element `Citation.citedArtifact.relatesTo.type` has no mapping targets in FHIR R4. Typically, this is because the element has been added (is a new element).","","","","","","","",,,,,"",,,,"Element.extension",0,*,"","ele-1:All FHIR elements must have a @value or children {hasValue() or (children().count() > id.count())}
ext-1:Must have either extensions or value[x], not both {extension.exists() != value.exists()}"
"Extension.extension:relatesTo.extension:type.id","Extension.extension.extension.id","","","",0,1,"","","","string {[]} {[]}
","Unique id for inter-element referencing","Unique id for the element within a resource (for internal references). This may be any string value that does not contain spaces.","","","","","","","","","",,,,,"",,,,"Element.id",0,1,"","","n/a"
"Extension.extension:relatesTo.extension:type.extension","Extension.extension.extension.extension","","extensions
user content","",0,*,"","","","Extension {[]} {[]}
","Additional content defined by implementations","May be used to represent additional information that is not part of the basic definition of the element. To make the use of extensions safe and manageable, there is a strict set of governance  applied to the definition and use of extensions. Though any implementer can define an extension, there is a set of requirements that SHALL be met as part of the definition of the extension.","There can be no stigma associated with the use of extensions by any application, project, or standard - regardless of the institution or jurisdiction that uses or defines the extensions.  The use of extensions is what allows the FHIR specification to retain a core level of simplicity for everyone.","","","","","","","","",,,,,"","value:url}
","Extensions are always sliced by (at least) url",,"open","Element.extension",0,*,"","ele-1:All FHIR elements must have a @value or children {hasValue() or (children().count() > id.count())}
ext-1:Must have either extensions or value[x], not both {extension.exists() != value.exists()}","n/a"
"Extension.extension:relatesTo.extension:type.url","Extension.extension.extension.url","","","",1,1,"","","","uri {[]} {[]}
","identifies the meaning of the extension","Source of the definition for the extension code - a logical name or a URL.","The definition may point directly to a computable or human-readable definition of the extensibility codes, or it may be a logical URI as declared in some other specification. The definition SHALL be a URI for the Structure Definition defining the extension.","","","","<valueUri xmlns=""http://hl7.org/fhir"" value=""type""/>","","","","",,,,,"",,,,"Extension.url",1,1,"","","N/A"
"Extension.extension:relatesTo.extension:type.value[x]","Extension.extension.extension.value[x]","","","",1,1,"","","","code {[]} {[]}
","documentation | justification | citation | predecessor | successor | derived-from | depends-on | composed-of | part-of | amends | amended-with | appends | appended-with | cites | cited-by | comments-on | comment-in | contains | contained-in | corrects | correction-in | replaces | replaced-with | retracts | retracted-by | signs | similar-to | supports | supported-with | transforms | transformed-into | transformed-with | documents | specification-of | created-with | cite-as | reprint | reprint-of","The type of relationship to the related artifact.","","","","","","","","","",,"required","","http://hl7.org/fhir/uv/xver/ValueSet/R5-related-artifact-type-all-for-R4|0.1.0","",,,,"Extension.value[x]",0,1,"","ele-1:All FHIR elements must have a @value or children {hasValue() or (children().count() > id.count())}
","N/A"
"Extension.extension:relatesTo.extension:classifier","Extension.extension.extension","classifier","","",0,*,"","","","Extension {[]} {[]}
","R5: Additional classifiers (new)","R5: `Citation.citedArtifact.relatesTo.classifier` (new:CodeableConcept)","Element `Citation.citedArtifact.relatesTo.classifier` is part of an existing definition because parent element `Citation.citedArtifact.relatesTo` requires a cross-version extension.
Element `Citation.citedArtifact.relatesTo.classifier` is not mapped to FHIR R4, since FHIR R5 `Citation` is not mapped.
Element `Citation.citedArtifact.relatesTo.classifier` has no mapping targets in FHIR R4. Typically, this is because the element has been added (is a new element).","Element `Citation.citedArtifact.relatesTo.classifier` is part of an existing definition because parent element `Citation.citedArtifact.relatesTo` requires a cross-version extension.
Element `Citation.citedArtifact.relatesTo.classifier` is not mapped to FHIR R4, since FHIR R5 `Citation` is not mapped.
Element `Citation.citedArtifact.relatesTo.classifier` has no mapping targets in FHIR R4. Typically, this is because the element has been added (is a new element).","","","","","","","",,,,,"",,,,"Element.extension",0,*,"","ele-1:All FHIR elements must have a @value or children {hasValue() or (children().count() > id.count())}
ext-1:Must have either extensions or value[x], not both {extension.exists() != value.exists()}"
"Extension.extension:relatesTo.extension:classifier.id","Extension.extension.extension.id","","","",0,1,"","","","string {[]} {[]}
","Unique id for inter-element referencing","Unique id for the element within a resource (for internal references). This may be any string value that does not contain spaces.","","","","","","","","","",,,,,"",,,,"Element.id",0,1,"","","n/a"
"Extension.extension:relatesTo.extension:classifier.extension","Extension.extension.extension.extension","","extensions
user content","",0,*,"","","","Extension {[]} {[]}
","Additional content defined by implementations","May be used to represent additional information that is not part of the basic definition of the element. To make the use of extensions safe and manageable, there is a strict set of governance  applied to the definition and use of extensions. Though any implementer can define an extension, there is a set of requirements that SHALL be met as part of the definition of the extension.","There can be no stigma associated with the use of extensions by any application, project, or standard - regardless of the institution or jurisdiction that uses or defines the extensions.  The use of extensions is what allows the FHIR specification to retain a core level of simplicity for everyone.","","","","","","","","",,,,,"","value:url}
","Extensions are always sliced by (at least) url",,"open","Element.extension",0,*,"","ele-1:All FHIR elements must have a @value or children {hasValue() or (children().count() > id.count())}
ext-1:Must have either extensions or value[x], not both {extension.exists() != value.exists()}","n/a"
"Extension.extension:relatesTo.extension:classifier.url","Extension.extension.extension.url","","","",1,1,"","","","uri {[]} {[]}
","identifies the meaning of the extension","Source of the definition for the extension code - a logical name or a URL.","The definition may point directly to a computable or human-readable definition of the extensibility codes, or it may be a logical URI as declared in some other specification. The definition SHALL be a URI for the Structure Definition defining the extension.","","","","<valueUri xmlns=""http://hl7.org/fhir"" value=""classifier""/>","","","","",,,,,"",,,,"Extension.url",1,1,"","","N/A"
"Extension.extension:relatesTo.extension:classifier.value[x]","Extension.extension.extension.value[x]","","","",0,1,"","","","CodeableConcept {[]} {[]}
","Additional classifiers","Provides additional classifiers of the related artifact.","","","","","","","","","",,"extensible","","http://hl7.org/fhir/uv/xver/ValueSet/R5-citation-artifact-classifier-for-R4|0.1.0","",,,,"Extension.value[x]",0,1,"","ele-1:All FHIR elements must have a @value or children {hasValue() or (children().count() > id.count())}
","N/A"
"Extension.extension:relatesTo.extension:label","Extension.extension.extension","label","","",0,1,"","","","Extension {[]} {[]}
","R5: Short label (new)","R5: `Citation.citedArtifact.relatesTo.label` (new:string)","Element `Citation.citedArtifact.relatesTo.label` is part of an existing definition because parent element `Citation.citedArtifact.relatesTo` requires a cross-version extension.
Element `Citation.citedArtifact.relatesTo.label` is not mapped to FHIR R4, since FHIR R5 `Citation` is not mapped.
Element `Citation.citedArtifact.relatesTo.label` has no mapping targets in FHIR R4. Typically, this is because the element has been added (is a new element).
Though not commonly used in citation records, this could be used for referencing other articles in the abstract or explanatory notes.","Element `Citation.citedArtifact.relatesTo.label` is part of an existing definition because parent element `Citation.citedArtifact.relatesTo` requires a cross-version extension.
Element `Citation.citedArtifact.relatesTo.label` is not mapped to FHIR R4, since FHIR R5 `Citation` is not mapped.
Element `Citation.citedArtifact.relatesTo.label` has no mapping targets in FHIR R4. Typically, this is because the element has been added (is a new element).","","","","","","","",,,,,"",,,,"Element.extension",0,*,"","ele-1:All FHIR elements must have a @value or children {hasValue() or (children().count() > id.count())}
ext-1:Must have either extensions or value[x], not both {extension.exists() != value.exists()}"
"Extension.extension:relatesTo.extension:label.id","Extension.extension.extension.id","","","",0,1,"","","","string {[]} {[]}
","Unique id for inter-element referencing","Unique id for the element within a resource (for internal references). This may be any string value that does not contain spaces.","","","","","","","","","",,,,,"",,,,"Element.id",0,1,"","","n/a"
"Extension.extension:relatesTo.extension:label.extension","Extension.extension.extension.extension","","extensions
user content","",0,*,"","","","Extension {[]} {[]}
","Additional content defined by implementations","May be used to represent additional information that is not part of the basic definition of the element. To make the use of extensions safe and manageable, there is a strict set of governance  applied to the definition and use of extensions. Though any implementer can define an extension, there is a set of requirements that SHALL be met as part of the definition of the extension.","There can be no stigma associated with the use of extensions by any application, project, or standard - regardless of the institution or jurisdiction that uses or defines the extensions.  The use of extensions is what allows the FHIR specification to retain a core level of simplicity for everyone.","","","","","","","","",,,,,"","value:url}
","Extensions are always sliced by (at least) url",,"open","Element.extension",0,*,"","ele-1:All FHIR elements must have a @value or children {hasValue() or (children().count() > id.count())}
ext-1:Must have either extensions or value[x], not both {extension.exists() != value.exists()}","n/a"
"Extension.extension:relatesTo.extension:label.url","Extension.extension.extension.url","","","",1,1,"","","","uri {[]} {[]}
","identifies the meaning of the extension","Source of the definition for the extension code - a logical name or a URL.","The definition may point directly to a computable or human-readable definition of the extensibility codes, or it may be a logical URI as declared in some other specification. The definition SHALL be a URI for the Structure Definition defining the extension.","","","","<valueUri xmlns=""http://hl7.org/fhir"" value=""label""/>","","","","",,,,,"",,,,"Extension.url",1,1,"","","N/A"
"Extension.extension:relatesTo.extension:label.value[x]","Extension.extension.extension.value[x]","","","",0,1,"","","","string {[]} {[]}
","Short label","A short label that can be used to reference the related artifact from elsewhere in the containing artifact, such as a footnote index.","Though not commonly used in citation records, this could be used for referencing other articles in the abstract or explanatory notes.","","","","","","","","",,,,,"",,,,"Extension.value[x]",0,1,"","ele-1:All FHIR elements must have a @value or children {hasValue() or (children().count() > id.count())}
","N/A"
"Extension.extension:relatesTo.extension:display","Extension.extension.extension","display","","",0,1,"","","","Extension {[]} {[]}
","R5: Brief description of the related artifact (new)","R5: `Citation.citedArtifact.relatesTo.display` (new:string)","Element `Citation.citedArtifact.relatesTo.display` is part of an existing definition because parent element `Citation.citedArtifact.relatesTo` requires a cross-version extension.
Element `Citation.citedArtifact.relatesTo.display` is not mapped to FHIR R4, since FHIR R5 `Citation` is not mapped.
Element `Citation.citedArtifact.relatesTo.display` has no mapping targets in FHIR R4. Typically, this is because the element has been added (is a new element).","Element `Citation.citedArtifact.relatesTo.display` is part of an existing definition because parent element `Citation.citedArtifact.relatesTo` requires a cross-version extension.
Element `Citation.citedArtifact.relatesTo.display` is not mapped to FHIR R4, since FHIR R5 `Citation` is not mapped.
Element `Citation.citedArtifact.relatesTo.display` has no mapping targets in FHIR R4. Typically, this is because the element has been added (is a new element).","","","","","","","",,,,,"",,,,"Element.extension",0,*,"","ele-1:All FHIR elements must have a @value or children {hasValue() or (children().count() > id.count())}
ext-1:Must have either extensions or value[x], not both {extension.exists() != value.exists()}"
"Extension.extension:relatesTo.extension:display.id","Extension.extension.extension.id","","","",0,1,"","","","string {[]} {[]}
","Unique id for inter-element referencing","Unique id for the element within a resource (for internal references). This may be any string value that does not contain spaces.","","","","","","","","","",,,,,"",,,,"Element.id",0,1,"","","n/a"
"Extension.extension:relatesTo.extension:display.extension","Extension.extension.extension.extension","","extensions
user content","",0,*,"","","","Extension {[]} {[]}
","Additional content defined by implementations","May be used to represent additional information that is not part of the basic definition of the element. To make the use of extensions safe and manageable, there is a strict set of governance  applied to the definition and use of extensions. Though any implementer can define an extension, there is a set of requirements that SHALL be met as part of the definition of the extension.","There can be no stigma associated with the use of extensions by any application, project, or standard - regardless of the institution or jurisdiction that uses or defines the extensions.  The use of extensions is what allows the FHIR specification to retain a core level of simplicity for everyone.","","","","","","","","",,,,,"","value:url}
","Extensions are always sliced by (at least) url",,"open","Element.extension",0,*,"","ele-1:All FHIR elements must have a @value or children {hasValue() or (children().count() > id.count())}
ext-1:Must have either extensions or value[x], not both {extension.exists() != value.exists()}","n/a"
"Extension.extension:relatesTo.extension:display.url","Extension.extension.extension.url","","","",1,1,"","","","uri {[]} {[]}
","identifies the meaning of the extension","Source of the definition for the extension code - a logical name or a URL.","The definition may point directly to a computable or human-readable definition of the extensibility codes, or it may be a logical URI as declared in some other specification. The definition SHALL be a URI for the Structure Definition defining the extension.","","","","<valueUri xmlns=""http://hl7.org/fhir"" value=""display""/>","","","","",,,,,"",,,,"Extension.url",1,1,"","","N/A"
"Extension.extension:relatesTo.extension:display.value[x]","Extension.extension.extension.value[x]","","","",0,1,"","","","string {[]} {[]}
","Brief description of the related artifact","A brief description of the document or knowledge resource being referenced, suitable for display to a consumer.","","","","","","","","","",,,,,"",,,,"Extension.value[x]",0,1,"","ele-1:All FHIR elements must have a @value or children {hasValue() or (children().count() > id.count())}
","N/A"
"Extension.extension:relatesTo.extension:citation","Extension.extension.extension","citation","","",0,1,"","","","Extension {[]} {[]}
","R5: Bibliographic citation for the artifact (new)","R5: `Citation.citedArtifact.relatesTo.citation` (new:markdown)","Element `Citation.citedArtifact.relatesTo.citation` is part of an existing definition because parent element `Citation.citedArtifact.relatesTo` requires a cross-version extension.
Element `Citation.citedArtifact.relatesTo.citation` is not mapped to FHIR R4, since FHIR R5 `Citation` is not mapped.
Element `Citation.citedArtifact.relatesTo.citation` has no mapping targets in FHIR R4. Typically, this is because the element has been added (is a new element).","Element `Citation.citedArtifact.relatesTo.citation` is part of an existing definition because parent element `Citation.citedArtifact.relatesTo` requires a cross-version extension.
Element `Citation.citedArtifact.relatesTo.citation` is not mapped to FHIR R4, since FHIR R5 `Citation` is not mapped.
Element `Citation.citedArtifact.relatesTo.citation` has no mapping targets in FHIR R4. Typically, this is because the element has been added (is a new element).","","","","","","","",,,,,"",,,,"Element.extension",0,*,"","ele-1:All FHIR elements must have a @value or children {hasValue() or (children().count() > id.count())}
ext-1:Must have either extensions or value[x], not both {extension.exists() != value.exists()}"
"Extension.extension:relatesTo.extension:citation.id","Extension.extension.extension.id","","","",0,1,"","","","string {[]} {[]}
","Unique id for inter-element referencing","Unique id for the element within a resource (for internal references). This may be any string value that does not contain spaces.","","","","","","","","","",,,,,"",,,,"Element.id",0,1,"","","n/a"
"Extension.extension:relatesTo.extension:citation.extension","Extension.extension.extension.extension","","extensions
user content","",0,*,"","","","Extension {[]} {[]}
","Additional content defined by implementations","May be used to represent additional information that is not part of the basic definition of the element. To make the use of extensions safe and manageable, there is a strict set of governance  applied to the definition and use of extensions. Though any implementer can define an extension, there is a set of requirements that SHALL be met as part of the definition of the extension.","There can be no stigma associated with the use of extensions by any application, project, or standard - regardless of the institution or jurisdiction that uses or defines the extensions.  The use of extensions is what allows the FHIR specification to retain a core level of simplicity for everyone.","","","","","","","","",,,,,"","value:url}
","Extensions are always sliced by (at least) url",,"open","Element.extension",0,*,"","ele-1:All FHIR elements must have a @value or children {hasValue() or (children().count() > id.count())}
ext-1:Must have either extensions or value[x], not both {extension.exists() != value.exists()}","n/a"
"Extension.extension:relatesTo.extension:citation.url","Extension.extension.extension.url","","","",1,1,"","","","uri {[]} {[]}
","identifies the meaning of the extension","Source of the definition for the extension code - a logical name or a URL.","The definition may point directly to a computable or human-readable definition of the extensibility codes, or it may be a logical URI as declared in some other specification. The definition SHALL be a URI for the Structure Definition defining the extension.","","","","<valueUri xmlns=""http://hl7.org/fhir"" value=""citation""/>","","","","",,,,,"",,,,"Extension.url",1,1,"","","N/A"
"Extension.extension:relatesTo.extension:citation.value[x]","Extension.extension.extension.value[x]","","","",0,1,"","","","markdown {[]} {[]}
","Bibliographic citation for the artifact","A bibliographic citation for the related artifact. This text SHOULD be formatted according to an accepted citation format.","","","","","","","","","",,,,,"",,,,"Extension.value[x]",0,1,"","ele-1:All FHIR elements must have a @value or children {hasValue() or (children().count() > id.count())}
","N/A"
"Extension.extension:relatesTo.extension:document","Extension.extension.extension","document","","",0,1,"","","","Extension {[]} {[]}
","R5: What document is being referenced (new)","R5: `Citation.citedArtifact.relatesTo.document` (new:Attachment)","Element `Citation.citedArtifact.relatesTo.document` is part of an existing definition because parent element `Citation.citedArtifact.relatesTo` requires a cross-version extension.
Element `Citation.citedArtifact.relatesTo.document` is not mapped to FHIR R4, since FHIR R5 `Citation` is not mapped.
Element `Citation.citedArtifact.relatesTo.document` has no mapping targets in FHIR R4. Typically, this is because the element has been added (is a new element).
To refer to related artifacts by URL, the FHIR Attachment Datatype includes a url element, so the path would be Citation.citedArtifact.relatesTo.document.url","Element `Citation.citedArtifact.relatesTo.document` is part of an existing definition because parent element `Citation.citedArtifact.relatesTo` requires a cross-version extension.
Element `Citation.citedArtifact.relatesTo.document` is not mapped to FHIR R4, since FHIR R5 `Citation` is not mapped.
Element `Citation.citedArtifact.relatesTo.document` has no mapping targets in FHIR R4. Typically, this is because the element has been added (is a new element).","","","","","","","",,,,,"",,,,"Element.extension",0,*,"","ele-1:All FHIR elements must have a @value or children {hasValue() or (children().count() > id.count())}
ext-1:Must have either extensions or value[x], not both {extension.exists() != value.exists()}"
"Extension.extension:relatesTo.extension:document.id","Extension.extension.extension.id","","","",0,1,"","","","string {[]} {[]}
","Unique id for inter-element referencing","Unique id for the element within a resource (for internal references). This may be any string value that does not contain spaces.","","","","","","","","","",,,,,"",,,,"Element.id",0,1,"","","n/a"
"Extension.extension:relatesTo.extension:document.extension","Extension.extension.extension.extension","","extensions
user content","",0,*,"","","","Extension {[]} {[]}
","Additional content defined by implementations","May be used to represent additional information that is not part of the basic definition of the element. To make the use of extensions safe and manageable, there is a strict set of governance  applied to the definition and use of extensions. Though any implementer can define an extension, there is a set of requirements that SHALL be met as part of the definition of the extension.","There can be no stigma associated with the use of extensions by any application, project, or standard - regardless of the institution or jurisdiction that uses or defines the extensions.  The use of extensions is what allows the FHIR specification to retain a core level of simplicity for everyone.","","","","","","","","",,,,,"","value:url}
","Extensions are always sliced by (at least) url",,"open","Element.extension",0,*,"","ele-1:All FHIR elements must have a @value or children {hasValue() or (children().count() > id.count())}
ext-1:Must have either extensions or value[x], not both {extension.exists() != value.exists()}","n/a"
"Extension.extension:relatesTo.extension:document.url","Extension.extension.extension.url","","","",1,1,"","","","uri {[]} {[]}
","identifies the meaning of the extension","Source of the definition for the extension code - a logical name or a URL.","The definition may point directly to a computable or human-readable definition of the extensibility codes, or it may be a logical URI as declared in some other specification. The definition SHALL be a URI for the Structure Definition defining the extension.","","","","<valueUri xmlns=""http://hl7.org/fhir"" value=""document""/>","","","","",,,,,"",,,,"Extension.url",1,1,"","","N/A"
"Extension.extension:relatesTo.extension:document.value[x]","Extension.extension.extension.value[x]","","","",0,1,"","","","Attachment {[]} {[]}
","What document is being referenced","The document being referenced, represented as an attachment. Do not use this element if using the resource element to provide the canonical to the related artifact.","To refer to related artifacts by URL, the FHIR Attachment Datatype includes a url element, so the path would be Citation.citedArtifact.relatesTo.document.url","","","","","","","","",,,,,"",,,,"Extension.value[x]",0,1,"","ele-1:All FHIR elements must have a @value or children {hasValue() or (children().count() > id.count())}
","N/A"
"Extension.extension:relatesTo.extension:resource","Extension.extension.extension","resource","","",0,1,"","","","Extension {[]} {[]}
","R5: What artifact is being referenced (new)","R5: `Citation.citedArtifact.relatesTo.resource` (new:canonical)","Element `Citation.citedArtifact.relatesTo.resource` is part of an existing definition because parent element `Citation.citedArtifact.relatesTo` requires a cross-version extension.
Element `Citation.citedArtifact.relatesTo.resource` is not mapped to FHIR R4, since FHIR R5 `Citation` is not mapped.
Element `Citation.citedArtifact.relatesTo.resource` has no mapping targets in FHIR R4. Typically, this is because the element has been added (is a new element).
If the type is predecessor, this is a reference to the succeeding knowledge resource. If the type is successor, this is a reference to the prior knowledge resource","Element `Citation.citedArtifact.relatesTo.resource` is part of an existing definition because parent element `Citation.citedArtifact.relatesTo` requires a cross-version extension.
Element `Citation.citedArtifact.relatesTo.resource` is not mapped to FHIR R4, since FHIR R5 `Citation` is not mapped.
Element `Citation.citedArtifact.relatesTo.resource` has no mapping targets in FHIR R4. Typically, this is because the element has been added (is a new element).","","","","","","","",,,,,"",,,,"Element.extension",0,*,"","ele-1:All FHIR elements must have a @value or children {hasValue() or (children().count() > id.count())}
ext-1:Must have either extensions or value[x], not both {extension.exists() != value.exists()}"
"Extension.extension:relatesTo.extension:resource.id","Extension.extension.extension.id","","","",0,1,"","","","string {[]} {[]}
","Unique id for inter-element referencing","Unique id for the element within a resource (for internal references). This may be any string value that does not contain spaces.","","","","","","","","","",,,,,"",,,,"Element.id",0,1,"","","n/a"
"Extension.extension:relatesTo.extension:resource.extension","Extension.extension.extension.extension","","extensions
user content","",0,*,"","","","Extension {[]} {[]}
","Additional content defined by implementations","May be used to represent additional information that is not part of the basic definition of the element. To make the use of extensions safe and manageable, there is a strict set of governance  applied to the definition and use of extensions. Though any implementer can define an extension, there is a set of requirements that SHALL be met as part of the definition of the extension.","There can be no stigma associated with the use of extensions by any application, project, or standard - regardless of the institution or jurisdiction that uses or defines the extensions.  The use of extensions is what allows the FHIR specification to retain a core level of simplicity for everyone.","","","","","","","","",,,,,"","value:url}
","Extensions are always sliced by (at least) url",,"open","Element.extension",0,*,"","ele-1:All FHIR elements must have a @value or children {hasValue() or (children().count() > id.count())}
ext-1:Must have either extensions or value[x], not both {extension.exists() != value.exists()}","n/a"
"Extension.extension:relatesTo.extension:resource.url","Extension.extension.extension.url","","","",1,1,"","","","uri {[]} {[]}
","identifies the meaning of the extension","Source of the definition for the extension code - a logical name or a URL.","The definition may point directly to a computable or human-readable definition of the extensibility codes, or it may be a logical URI as declared in some other specification. The definition SHALL be a URI for the Structure Definition defining the extension.","","","","<valueUri xmlns=""http://hl7.org/fhir"" value=""resource""/>","","","","",,,,,"",,,,"Extension.url",1,1,"","","N/A"
"Extension.extension:relatesTo.extension:resource.value[x]","Extension.extension.extension.value[x]","","","",0,1,"","","","canonical {[]} {[]}
","What artifact is being referenced","The related artifact, such as a library, value set, profile, or other knowledge resource.","If the type is predecessor, this is a reference to the succeeding knowledge resource. If the type is successor, this is a reference to the prior knowledge resource","","","","","","","","",,,,,"",,,,"Extension.value[x]",0,1,"","ele-1:All FHIR elements must have a @value or children {hasValue() or (children().count() > id.count())}
","N/A"
"Extension.extension:relatesTo.extension:resourceReference","Extension.extension.extension","resourceReference","","",0,1,"","","","Extension {[]} {[]}
","R5: What artifact, if not a conformance resource (new)","R5: `Citation.citedArtifact.relatesTo.resourceReference` (new:Reference)","Element `Citation.citedArtifact.relatesTo.resourceReference` is part of an existing definition because parent element `Citation.citedArtifact.relatesTo` requires a cross-version extension.
Element `Citation.citedArtifact.relatesTo.resourceReference` is not mapped to FHIR R4, since FHIR R5 `Citation` is not mapped.
Element `Citation.citedArtifact.relatesTo.resourceReference` has no mapping targets in FHIR R4. Typically, this is because the element has been added (is a new element).
If both resource and resourceReference are present, they SHOULD be consistent and reference the same resource. Although relatedArtifact is intended to support references to definitional resources, there are cases where non-definitional resources can be definitional (such as Location where the kind is mode). Related artifacts SHOULD be used to reference definitional resources, and profiles SHOULD be used to make that explicit for particular use cases.","Element `Citation.citedArtifact.relatesTo.resourceReference` is part of an existing definition because parent element `Citation.citedArtifact.relatesTo` requires a cross-version extension.
Element `Citation.citedArtifact.relatesTo.resourceReference` is not mapped to FHIR R4, since FHIR R5 `Citation` is not mapped.
Element `Citation.citedArtifact.relatesTo.resourceReference` has no mapping targets in FHIR R4. Typically, this is because the element has been added (is a new element).","","","","","","","",,,,,"",,,,"Element.extension",0,*,"","ele-1:All FHIR elements must have a @value or children {hasValue() or (children().count() > id.count())}
ext-1:Must have either extensions or value[x], not both {extension.exists() != value.exists()}"
"Extension.extension:relatesTo.extension:resourceReference.id","Extension.extension.extension.id","","","",0,1,"","","","string {[]} {[]}
","Unique id for inter-element referencing","Unique id for the element within a resource (for internal references). This may be any string value that does not contain spaces.","","","","","","","","","",,,,,"",,,,"Element.id",0,1,"","","n/a"
"Extension.extension:relatesTo.extension:resourceReference.extension","Extension.extension.extension.extension","","extensions
user content","",0,*,"","","","Extension {[]} {[]}
","Additional content defined by implementations","May be used to represent additional information that is not part of the basic definition of the element. To make the use of extensions safe and manageable, there is a strict set of governance  applied to the definition and use of extensions. Though any implementer can define an extension, there is a set of requirements that SHALL be met as part of the definition of the extension.","There can be no stigma associated with the use of extensions by any application, project, or standard - regardless of the institution or jurisdiction that uses or defines the extensions.  The use of extensions is what allows the FHIR specification to retain a core level of simplicity for everyone.","","","","","","","","",,,,,"","value:url}
","Extensions are always sliced by (at least) url",,"open","Element.extension",0,*,"","ele-1:All FHIR elements must have a @value or children {hasValue() or (children().count() > id.count())}
ext-1:Must have either extensions or value[x], not both {extension.exists() != value.exists()}","n/a"
"Extension.extension:relatesTo.extension:resourceReference.url","Extension.extension.extension.url","","","",1,1,"","","","uri {[]} {[]}
","identifies the meaning of the extension","Source of the definition for the extension code - a logical name or a URL.","The definition may point directly to a computable or human-readable definition of the extensibility codes, or it may be a logical URI as declared in some other specification. The definition SHALL be a URI for the Structure Definition defining the extension.","","","","<valueUri xmlns=""http://hl7.org/fhir"" value=""resourceReference""/>","","","","",,,,,"",,,,"Extension.url",1,1,"","","N/A"
"Extension.extension:relatesTo.extension:resourceReference.value[x]","Extension.extension.extension.value[x]","","","",0,1,"","","","Reference {[]} {[]}
","What artifact, if not a conformance resource","The related artifact, if the artifact is not a canonical resource, or a resource reference to a canonical resource.","If both resource and resourceReference are present, they SHOULD be consistent and reference the same resource. Although relatedArtifact is intended to support references to definitional resources, there are cases where non-definitional resources can be definitional (such as Location where the kind is mode). Related artifacts SHOULD be used to reference definitional resources, and profiles SHOULD be used to make that explicit for particular use cases.","","","","","","","","",,,,,"",,,,"Extension.value[x]",0,1,"","ele-1:All FHIR elements must have a @value or children {hasValue() or (children().count() > id.count())}
","N/A"
"Extension.extension:relatesTo.url","Extension.extension.url","","","",1,1,"","","","uri {[]} {[]}
","identifies the meaning of the extension","Source of the definition for the extension code - a logical name or a URL.","The definition may point directly to a computable or human-readable definition of the extensibility codes, or it may be a logical URI as declared in some other specification. The definition SHALL be a URI for the Structure Definition defining the extension.","","","","<valueUri xmlns=""http://hl7.org/fhir"" value=""relatesTo""/>","","","","",,,,,"",,,,"Extension.url",1,1,"","","N/A"
"Extension.extension:relatesTo.value[x]","Extension.extension.value[x]","","","",0,0,"","","","base64Binary {[]} {[]}
boolean {[]} {[]}canonical {[]} {[]}code {[]} {[]}date {[]} {[]}dateTime {[]} {[]}decimal {[]} {[]}id {[]} {[]}instant {[]} {[]}integer {[]} {[]}markdown {[]} {[]}oid {[]} {[]}positiveInt {[]} {[]}string {[]} {[]}time {[]} {[]}unsignedInt {[]} {[]}uri {[]} {[]}url {[]} {[]}uuid {[]} {[]}Address {[]} {[]}Age {[]} {[]}Annotation {[]} {[]}Attachment {[]} {[]}CodeableConcept {[]} {[]}Coding {[]} {[]}ContactPoint {[]} {[]}Count {[]} {[]}Distance {[]} {[]}Duration {[]} {[]}HumanName {[]} {[]}Identifier {[]} {[]}Money {[]} {[]}Period {[]} {[]}Quantity {[]} {[]}Range {[]} {[]}Ratio {[]} {[]}Reference {[]} {[]}SampledData {[]} {[]}Signature {[]} {[]}Timing {[]} {[]}ContactDetail {[]} {[]}Contributor {[]} {[]}DataRequirement {[]} {[]}Expression {[]} {[]}ParameterDefinition {[]} {[]}RelatedArtifact {[]} {[]}TriggerDefinition {[]} {[]}UsageContext {[]} {[]}Dosage {[]} {[]}Meta {[]} {[]}","Value of extension","Value of extension - must be one of a constrained set of the data types (see [Extensibility](http://hl7.org/fhir/R4/extensibility.html) for a list).","","","","","","","","","",,,,,"",,,,"Extension.value[x]",0,1,"","ele-1:All FHIR elements must have a @value or children {hasValue() or (children().count() > id.count())}
","N/A"
"Extension.extension:publicationForm","Extension.extension","publicationForm","","",0,*,"","","","Extension {[]} {[]}
","R5: If multiple, used to represent alternative forms of the article that are not separate citations (new)","R5: `Citation.citedArtifact.publicationForm` (new:BackboneElement)","Element `Citation.citedArtifact.publicationForm` is part of an existing definition because parent element `Citation.citedArtifact` requires a cross-version extension.
Element `Citation.citedArtifact.publicationForm` is not mapped to FHIR R4, since FHIR R5 `Citation` is not mapped.
Element `Citation.citedArtifact.publicationForm` has no mapping targets in FHIR R4. Typically, this is because the element has been added (is a new element).
A common use is a journal article with a publication date and pagination for a print version and a different publication date for the online version of the same article.","Element `Citation.citedArtifact.publicationForm` is part of an existing definition because parent element `Citation.citedArtifact` requires a cross-version extension.
Element `Citation.citedArtifact.publicationForm` is not mapped to FHIR R4, since FHIR R5 `Citation` is not mapped.
Element `Citation.citedArtifact.publicationForm` has no mapping targets in FHIR R4. Typically, this is because the element has been added (is a new element).","","","","","","","",,,,,"",,,,"Element.extension",0,*,"","ele-1:All FHIR elements must have a @value or children {hasValue() or (children().count() > id.count())}
ext-1:Must have either extensions or value[x], not both {extension.exists() != value.exists()}"
"Extension.extension:publicationForm.id","Extension.extension.id","","","",0,1,"","","","string {[]} {[]}
","Unique id for inter-element referencing","Unique id for the element within a resource (for internal references). This may be any string value that does not contain spaces.","","","","","","","","","",,,,,"",,,,"Element.id",0,1,"","","n/a"
"Extension.extension:publicationForm.extension","Extension.extension.extension","","","",0,*,"","","","Extension {[]} {[]}
","Extension","An Extension","","","","","","","","","",,,,,"","value:url}
","Extensions are always sliced by (at least) url",,"open","Element.extension",0,*,"","ele-1:All FHIR elements must have a @value or children {hasValue() or (children().count() > id.count())}
ext-1:Must have either extensions or value[x], not both {extension.exists() != value.exists()}"
"Extension.extension:publicationForm.extension:publishedIn","Extension.extension.extension","publishedIn","","",0,1,"","","","Extension {[]} {[]}
","R5: The collection the cited article or artifact is published in (new)","R5: `Citation.citedArtifact.publicationForm.publishedIn` (new:BackboneElement)","Element `Citation.citedArtifact.publicationForm.publishedIn` is part of an existing definition because parent element `Citation.citedArtifact.publicationForm` requires a cross-version extension.
Element `Citation.citedArtifact.publicationForm.publishedIn` is not mapped to FHIR R4, since FHIR R5 `Citation` is not mapped.
Element `Citation.citedArtifact.publicationForm.publishedIn` has no mapping targets in FHIR R4. Typically, this is because the element has been added (is a new element).","Element `Citation.citedArtifact.publicationForm.publishedIn` is part of an existing definition because parent element `Citation.citedArtifact.publicationForm` requires a cross-version extension.
Element `Citation.citedArtifact.publicationForm.publishedIn` is not mapped to FHIR R4, since FHIR R5 `Citation` is not mapped.
Element `Citation.citedArtifact.publicationForm.publishedIn` has no mapping targets in FHIR R4. Typically, this is because the element has been added (is a new element).","","","","","","","",,,,,"",,,,"Element.extension",0,*,"","ele-1:All FHIR elements must have a @value or children {hasValue() or (children().count() > id.count())}
ext-1:Must have either extensions or value[x], not both {extension.exists() != value.exists()}"
"Extension.extension:publicationForm.extension:publishedIn.id","Extension.extension.extension.id","","","",0,1,"","","","string {[]} {[]}
","Unique id for inter-element referencing","Unique id for the element within a resource (for internal references). This may be any string value that does not contain spaces.","","","","","","","","","",,,,,"",,,,"Element.id",0,1,"","","n/a"
"Extension.extension:publicationForm.extension:publishedIn.extension","Extension.extension.extension.extension","","","",0,*,"","","","Extension {[]} {[]}
","Extension","An Extension","","","","","","","","","",,,,,"","value:url}
","Extensions are always sliced by (at least) url",,"open","Element.extension",0,*,"","ele-1:All FHIR elements must have a @value or children {hasValue() or (children().count() > id.count())}
ext-1:Must have either extensions or value[x], not both {extension.exists() != value.exists()}"
"Extension.extension:publicationForm.extension:publishedIn.extension:type","Extension.extension.extension.extension","type","","",0,1,"","","","Extension {[]} {[]}
","R5: Kind of container (e.g. Periodical, database, or book) (new)","R5: `Citation.citedArtifact.publicationForm.publishedIn.type` (new:CodeableConcept)","Element `Citation.citedArtifact.publicationForm.publishedIn.type` is part of an existing definition because parent element `Citation.citedArtifact.publicationForm.publishedIn` requires a cross-version extension.
Element `Citation.citedArtifact.publicationForm.publishedIn.type` is not mapped to FHIR R4, since FHIR R5 `Citation` is not mapped.
Element `Citation.citedArtifact.publicationForm.publishedIn.type` has no mapping targets in FHIR R4. Typically, this is because the element has been added (is a new element).
Journals and newspapers are coded as Periodical.","Element `Citation.citedArtifact.publicationForm.publishedIn.type` is part of an existing definition because parent element `Citation.citedArtifact.publicationForm.publishedIn` requires a cross-version extension.
Element `Citation.citedArtifact.publicationForm.publishedIn.type` is not mapped to FHIR R4, since FHIR R5 `Citation` is not mapped.
Element `Citation.citedArtifact.publicationForm.publishedIn.type` has no mapping targets in FHIR R4. Typically, this is because the element has been added (is a new element).","","","","","","","",,,,,"",,,,"Element.extension",0,*,"","ele-1:All FHIR elements must have a @value or children {hasValue() or (children().count() > id.count())}
ext-1:Must have either extensions or value[x], not both {extension.exists() != value.exists()}"
"Extension.extension:publicationForm.extension:publishedIn.extension:type.id","Extension.extension.extension.extension.id","","","",0,1,"","","","string {[]} {[]}
","Unique id for inter-element referencing","Unique id for the element within a resource (for internal references). This may be any string value that does not contain spaces.","","","","","","","","","",,,,,"",,,,"Element.id",0,1,"","","n/a"
"Extension.extension:publicationForm.extension:publishedIn.extension:type.extension","Extension.extension.extension.extension.extension","","extensions
user content","",0,*,"","","","Extension {[]} {[]}
","Additional content defined by implementations","May be used to represent additional information that is not part of the basic definition of the element. To make the use of extensions safe and manageable, there is a strict set of governance  applied to the definition and use of extensions. Though any implementer can define an extension, there is a set of requirements that SHALL be met as part of the definition of the extension.","There can be no stigma associated with the use of extensions by any application, project, or standard - regardless of the institution or jurisdiction that uses or defines the extensions.  The use of extensions is what allows the FHIR specification to retain a core level of simplicity for everyone.","","","","","","","","",,,,,"","value:url}
","Extensions are always sliced by (at least) url",,"open","Element.extension",0,*,"","ele-1:All FHIR elements must have a @value or children {hasValue() or (children().count() > id.count())}
ext-1:Must have either extensions or value[x], not both {extension.exists() != value.exists()}","n/a"
"Extension.extension:publicationForm.extension:publishedIn.extension:type.url","Extension.extension.extension.extension.url","","","",1,1,"","","","uri {[]} {[]}
","identifies the meaning of the extension","Source of the definition for the extension code - a logical name or a URL.","The definition may point directly to a computable or human-readable definition of the extensibility codes, or it may be a logical URI as declared in some other specification. The definition SHALL be a URI for the Structure Definition defining the extension.","","","","<valueUri xmlns=""http://hl7.org/fhir"" value=""type""/>","","","","",,,,,"",,,,"Extension.url",1,1,"","","N/A"
"Extension.extension:publicationForm.extension:publishedIn.extension:type.value[x]","Extension.extension.extension.extension.value[x]","","","",0,1,"","","","CodeableConcept {[]} {[]}
","Kind of container (e.g. Periodical, database, or book)","Kind of container (e.g. Periodical, database, or book).","Journals and newspapers are coded as Periodical.","","","","","","","","",,"extensible","","http://hl7.org/fhir/uv/xver/ValueSet/R5-published-in-type-for-R4|0.1.0","",,,,"Extension.value[x]",0,1,"","ele-1:All FHIR elements must have a @value or children {hasValue() or (children().count() > id.count())}
","N/A"
"Extension.extension:publicationForm.extension:publishedIn.extension:identifier","Extension.extension.extension.extension","identifier","","",0,*,"","","","Extension {[]} {[]}
","R5: Journal identifiers include ISSN, ISO Abbreviation and NLMuniqueID; Book identifiers include ISBN (new)","R5: `Citation.citedArtifact.publicationForm.publishedIn.identifier` (new:Identifier)","Element `Citation.citedArtifact.publicationForm.publishedIn.identifier` is part of an existing definition because parent element `Citation.citedArtifact.publicationForm.publishedIn` requires a cross-version extension.
Element `Citation.citedArtifact.publicationForm.publishedIn.identifier` is not mapped to FHIR R4, since FHIR R5 `Citation` is not mapped.
Element `Citation.citedArtifact.publicationForm.publishedIn.identifier` has no mapping targets in FHIR R4. Typically, this is because the element has been added (is a new element).","Element `Citation.citedArtifact.publicationForm.publishedIn.identifier` is part of an existing definition because parent element `Citation.citedArtifact.publicationForm.publishedIn` requires a cross-version extension.
Element `Citation.citedArtifact.publicationForm.publishedIn.identifier` is not mapped to FHIR R4, since FHIR R5 `Citation` is not mapped.
Element `Citation.citedArtifact.publicationForm.publishedIn.identifier` has no mapping targets in FHIR R4. Typically, this is because the element has been added (is a new element).","","","","","","","",,,,,"",,,,"Element.extension",0,*,"","ele-1:All FHIR elements must have a @value or children {hasValue() or (children().count() > id.count())}
ext-1:Must have either extensions or value[x], not both {extension.exists() != value.exists()}"
"Extension.extension:publicationForm.extension:publishedIn.extension:identifier.id","Extension.extension.extension.extension.id","","","",0,1,"","","","string {[]} {[]}
","Unique id for inter-element referencing","Unique id for the element within a resource (for internal references). This may be any string value that does not contain spaces.","","","","","","","","","",,,,,"",,,,"Element.id",0,1,"","","n/a"
"Extension.extension:publicationForm.extension:publishedIn.extension:identifier.extension","Extension.extension.extension.extension.extension","","extensions
user content","",0,*,"","","","Extension {[]} {[]}
","Additional content defined by implementations","May be used to represent additional information that is not part of the basic definition of the element. To make the use of extensions safe and manageable, there is a strict set of governance  applied to the definition and use of extensions. Though any implementer can define an extension, there is a set of requirements that SHALL be met as part of the definition of the extension.","There can be no stigma associated with the use of extensions by any application, project, or standard - regardless of the institution or jurisdiction that uses or defines the extensions.  The use of extensions is what allows the FHIR specification to retain a core level of simplicity for everyone.","","","","","","","","",,,,,"","value:url}
","Extensions are always sliced by (at least) url",,"open","Element.extension",0,*,"","ele-1:All FHIR elements must have a @value or children {hasValue() or (children().count() > id.count())}
ext-1:Must have either extensions or value[x], not both {extension.exists() != value.exists()}","n/a"
"Extension.extension:publicationForm.extension:publishedIn.extension:identifier.url","Extension.extension.extension.extension.url","","","",1,1,"","","","uri {[]} {[]}
","identifies the meaning of the extension","Source of the definition for the extension code - a logical name or a URL.","The definition may point directly to a computable or human-readable definition of the extensibility codes, or it may be a logical URI as declared in some other specification. The definition SHALL be a URI for the Structure Definition defining the extension.","","","","<valueUri xmlns=""http://hl7.org/fhir"" value=""identifier""/>","","","","",,,,,"",,,,"Extension.url",1,1,"","","N/A"
"Extension.extension:publicationForm.extension:publishedIn.extension:identifier.value[x]","Extension.extension.extension.extension.value[x]","","","",0,1,"","","","Identifier {[]} {[]}
","Journal identifiers include ISSN, ISO Abbreviation and NLMuniqueID; Book identifiers include ISBN","Journal identifiers include ISSN, ISO Abbreviation and NLMuniqueID; Book identifiers include ISBN.","","","","","","","","","",,,,,"",,,,"Extension.value[x]",0,1,"","ele-1:All FHIR elements must have a @value or children {hasValue() or (children().count() > id.count())}
","N/A"
"Extension.extension:publicationForm.extension:publishedIn.extension:title","Extension.extension.extension.extension","title","","",0,1,"","","","Extension {[]} {[]}
","R5: Name of the database or title of the book or journal (new)","R5: `Citation.citedArtifact.publicationForm.publishedIn.title` (new:string)","Element `Citation.citedArtifact.publicationForm.publishedIn.title` is part of an existing definition because parent element `Citation.citedArtifact.publicationForm.publishedIn` requires a cross-version extension.
Element `Citation.citedArtifact.publicationForm.publishedIn.title` is not mapped to FHIR R4, since FHIR R5 `Citation` is not mapped.
Element `Citation.citedArtifact.publicationForm.publishedIn.title` has no mapping targets in FHIR R4. Typically, this is because the element has been added (is a new element).
ClinicalTrials.gov is a name of a database.","Element `Citation.citedArtifact.publicationForm.publishedIn.title` is part of an existing definition because parent element `Citation.citedArtifact.publicationForm.publishedIn` requires a cross-version extension.
Element `Citation.citedArtifact.publicationForm.publishedIn.title` is not mapped to FHIR R4, since FHIR R5 `Citation` is not mapped.
Element `Citation.citedArtifact.publicationForm.publishedIn.title` has no mapping targets in FHIR R4. Typically, this is because the element has been added (is a new element).","","","","","","","",,,,,"",,,,"Element.extension",0,*,"","ele-1:All FHIR elements must have a @value or children {hasValue() or (children().count() > id.count())}
ext-1:Must have either extensions or value[x], not both {extension.exists() != value.exists()}"
"Extension.extension:publicationForm.extension:publishedIn.extension:title.id","Extension.extension.extension.extension.id","","","",0,1,"","","","string {[]} {[]}
","Unique id for inter-element referencing","Unique id for the element within a resource (for internal references). This may be any string value that does not contain spaces.","","","","","","","","","",,,,,"",,,,"Element.id",0,1,"","","n/a"
"Extension.extension:publicationForm.extension:publishedIn.extension:title.extension","Extension.extension.extension.extension.extension","","extensions
user content","",0,*,"","","","Extension {[]} {[]}
","Additional content defined by implementations","May be used to represent additional information that is not part of the basic definition of the element. To make the use of extensions safe and manageable, there is a strict set of governance  applied to the definition and use of extensions. Though any implementer can define an extension, there is a set of requirements that SHALL be met as part of the definition of the extension.","There can be no stigma associated with the use of extensions by any application, project, or standard - regardless of the institution or jurisdiction that uses or defines the extensions.  The use of extensions is what allows the FHIR specification to retain a core level of simplicity for everyone.","","","","","","","","",,,,,"","value:url}
","Extensions are always sliced by (at least) url",,"open","Element.extension",0,*,"","ele-1:All FHIR elements must have a @value or children {hasValue() or (children().count() > id.count())}
ext-1:Must have either extensions or value[x], not both {extension.exists() != value.exists()}","n/a"
"Extension.extension:publicationForm.extension:publishedIn.extension:title.url","Extension.extension.extension.extension.url","","","",1,1,"","","","uri {[]} {[]}
","identifies the meaning of the extension","Source of the definition for the extension code - a logical name or a URL.","The definition may point directly to a computable or human-readable definition of the extensibility codes, or it may be a logical URI as declared in some other specification. The definition SHALL be a URI for the Structure Definition defining the extension.","","","","<valueUri xmlns=""http://hl7.org/fhir"" value=""title""/>","","","","",,,,,"",,,,"Extension.url",1,1,"","","N/A"
"Extension.extension:publicationForm.extension:publishedIn.extension:title.value[x]","Extension.extension.extension.extension.value[x]","","","",0,1,"","","","string {[]} {[]}
","Name of the database or title of the book or journal","Name of the database or title of the book or journal.","ClinicalTrials.gov is a name of a database.","","","","","","","","",,,,,"",,,,"Extension.value[x]",0,1,"","ele-1:All FHIR elements must have a @value or children {hasValue() or (children().count() > id.count())}
","N/A"
"Extension.extension:publicationForm.extension:publishedIn.extension:publisher","Extension.extension.extension.extension","publisher","","",0,1,"","","","Extension {[]} {[]}
","R5: Name of or resource describing the publisher (new)","R5: `Citation.citedArtifact.publicationForm.publishedIn.publisher` (new:Reference(Organization))","Element `Citation.citedArtifact.publicationForm.publishedIn.publisher` is part of an existing definition because parent element `Citation.citedArtifact.publicationForm.publishedIn` requires a cross-version extension.
Element `Citation.citedArtifact.publicationForm.publishedIn.publisher` is not mapped to FHIR R4, since FHIR R5 `Citation` is not mapped.
Element `Citation.citedArtifact.publicationForm.publishedIn.publisher` has no mapping targets in FHIR R4. Typically, this is because the element has been added (is a new element).","Element `Citation.citedArtifact.publicationForm.publishedIn.publisher` is part of an existing definition because parent element `Citation.citedArtifact.publicationForm.publishedIn` requires a cross-version extension.
Element `Citation.citedArtifact.publicationForm.publishedIn.publisher` is not mapped to FHIR R4, since FHIR R5 `Citation` is not mapped.
Element `Citation.citedArtifact.publicationForm.publishedIn.publisher` has no mapping targets in FHIR R4. Typically, this is because the element has been added (is a new element).","","","","","","","",,,,,"",,,,"Element.extension",0,*,"","ele-1:All FHIR elements must have a @value or children {hasValue() or (children().count() > id.count())}
ext-1:Must have either extensions or value[x], not both {extension.exists() != value.exists()}"
"Extension.extension:publicationForm.extension:publishedIn.extension:publisher.id","Extension.extension.extension.extension.id","","","",0,1,"","","","string {[]} {[]}
","Unique id for inter-element referencing","Unique id for the element within a resource (for internal references). This may be any string value that does not contain spaces.","","","","","","","","","",,,,,"",,,,"Element.id",0,1,"","","n/a"
"Extension.extension:publicationForm.extension:publishedIn.extension:publisher.extension","Extension.extension.extension.extension.extension","","extensions
user content","",0,*,"","","","Extension {[]} {[]}
","Additional content defined by implementations","May be used to represent additional information that is not part of the basic definition of the element. To make the use of extensions safe and manageable, there is a strict set of governance  applied to the definition and use of extensions. Though any implementer can define an extension, there is a set of requirements that SHALL be met as part of the definition of the extension.","There can be no stigma associated with the use of extensions by any application, project, or standard - regardless of the institution or jurisdiction that uses or defines the extensions.  The use of extensions is what allows the FHIR specification to retain a core level of simplicity for everyone.","","","","","","","","",,,,,"","value:url}
","Extensions are always sliced by (at least) url",,"open","Element.extension",0,*,"","ele-1:All FHIR elements must have a @value or children {hasValue() or (children().count() > id.count())}
ext-1:Must have either extensions or value[x], not both {extension.exists() != value.exists()}","n/a"
"Extension.extension:publicationForm.extension:publishedIn.extension:publisher.url","Extension.extension.extension.extension.url","","","",1,1,"","","","uri {[]} {[]}
","identifies the meaning of the extension","Source of the definition for the extension code - a logical name or a URL.","The definition may point directly to a computable or human-readable definition of the extensibility codes, or it may be a logical URI as declared in some other specification. The definition SHALL be a URI for the Structure Definition defining the extension.","","","","<valueUri xmlns=""http://hl7.org/fhir"" value=""publisher""/>","","","","",,,,,"",,,,"Extension.url",1,1,"","","N/A"
"Extension.extension:publicationForm.extension:publishedIn.extension:publisher.value[x]","Extension.extension.extension.extension.value[x]","","","",0,1,"","","","Reference {[]} {[CanonicalType[http://hl7.org/fhir/5.0/StructureDefinition/profile-Organization|0.1.0], CanonicalType[http://hl7.org/fhir/StructureDefinition/Organization|4.0.1]]}
","Name of or resource describing the publisher","Name of or resource describing the publisher.","","","","","","","","","",,,,,"",,,,"Extension.value[x]",0,1,"","ele-1:All FHIR elements must have a @value or children {hasValue() or (children().count() > id.count())}
","N/A"
"Extension.extension:publicationForm.extension:publishedIn.extension:publisherLocation","Extension.extension.extension.extension","publisherLocation","","",0,1,"","","","Extension {[]} {[]}
","R5: Geographic location of the publisher (new)","R5: `Citation.citedArtifact.publicationForm.publishedIn.publisherLocation` (new:string)","Element `Citation.citedArtifact.publicationForm.publishedIn.publisherLocation` is part of an existing definition because parent element `Citation.citedArtifact.publicationForm.publishedIn` requires a cross-version extension.
Element `Citation.citedArtifact.publicationForm.publishedIn.publisherLocation` is not mapped to FHIR R4, since FHIR R5 `Citation` is not mapped.
Element `Citation.citedArtifact.publicationForm.publishedIn.publisherLocation` has no mapping targets in FHIR R4. Typically, this is because the element has been added (is a new element).","Element `Citation.citedArtifact.publicationForm.publishedIn.publisherLocation` is part of an existing definition because parent element `Citation.citedArtifact.publicationForm.publishedIn` requires a cross-version extension.
Element `Citation.citedArtifact.publicationForm.publishedIn.publisherLocation` is not mapped to FHIR R4, since FHIR R5 `Citation` is not mapped.
Element `Citation.citedArtifact.publicationForm.publishedIn.publisherLocation` has no mapping targets in FHIR R4. Typically, this is because the element has been added (is a new element).","","","","","","","",,,,,"",,,,"Element.extension",0,*,"","ele-1:All FHIR elements must have a @value or children {hasValue() or (children().count() > id.count())}
ext-1:Must have either extensions or value[x], not both {extension.exists() != value.exists()}"
"Extension.extension:publicationForm.extension:publishedIn.extension:publisherLocation.id","Extension.extension.extension.extension.id","","","",0,1,"","","","string {[]} {[]}
","Unique id for inter-element referencing","Unique id for the element within a resource (for internal references). This may be any string value that does not contain spaces.","","","","","","","","","",,,,,"",,,,"Element.id",0,1,"","","n/a"
"Extension.extension:publicationForm.extension:publishedIn.extension:publisherLocation.extension","Extension.extension.extension.extension.extension","","extensions
user content","",0,*,"","","","Extension {[]} {[]}
","Additional content defined by implementations","May be used to represent additional information that is not part of the basic definition of the element. To make the use of extensions safe and manageable, there is a strict set of governance  applied to the definition and use of extensions. Though any implementer can define an extension, there is a set of requirements that SHALL be met as part of the definition of the extension.","There can be no stigma associated with the use of extensions by any application, project, or standard - regardless of the institution or jurisdiction that uses or defines the extensions.  The use of extensions is what allows the FHIR specification to retain a core level of simplicity for everyone.","","","","","","","","",,,,,"","value:url}
","Extensions are always sliced by (at least) url",,"open","Element.extension",0,*,"","ele-1:All FHIR elements must have a @value or children {hasValue() or (children().count() > id.count())}
ext-1:Must have either extensions or value[x], not both {extension.exists() != value.exists()}","n/a"
"Extension.extension:publicationForm.extension:publishedIn.extension:publisherLocation.url","Extension.extension.extension.extension.url","","","",1,1,"","","","uri {[]} {[]}
","identifies the meaning of the extension","Source of the definition for the extension code - a logical name or a URL.","The definition may point directly to a computable or human-readable definition of the extensibility codes, or it may be a logical URI as declared in some other specification. The definition SHALL be a URI for the Structure Definition defining the extension.","","","","<valueUri xmlns=""http://hl7.org/fhir"" value=""publisherLocation""/>","","","","",,,,,"",,,,"Extension.url",1,1,"","","N/A"
"Extension.extension:publicationForm.extension:publishedIn.extension:publisherLocation.value[x]","Extension.extension.extension.extension.value[x]","","","",0,1,"","","","string {[]} {[]}
","Geographic location of the publisher","Geographic location of the publisher.","","","","","","","","","",,,,,"",,,,"Extension.value[x]",0,1,"","ele-1:All FHIR elements must have a @value or children {hasValue() or (children().count() > id.count())}
","N/A"
"Extension.extension:publicationForm.extension:publishedIn.url","Extension.extension.extension.url","","","",1,1,"","","","uri {[]} {[]}
","identifies the meaning of the extension","Source of the definition for the extension code - a logical name or a URL.","The definition may point directly to a computable or human-readable definition of the extensibility codes, or it may be a logical URI as declared in some other specification. The definition SHALL be a URI for the Structure Definition defining the extension.","","","","<valueUri xmlns=""http://hl7.org/fhir"" value=""publishedIn""/>","","","","",,,,,"",,,,"Extension.url",1,1,"","","N/A"
"Extension.extension:publicationForm.extension:publishedIn.value[x]","Extension.extension.extension.value[x]","","","",0,0,"","","","base64Binary {[]} {[]}
boolean {[]} {[]}canonical {[]} {[]}code {[]} {[]}date {[]} {[]}dateTime {[]} {[]}decimal {[]} {[]}id {[]} {[]}instant {[]} {[]}integer {[]} {[]}markdown {[]} {[]}oid {[]} {[]}positiveInt {[]} {[]}string {[]} {[]}time {[]} {[]}unsignedInt {[]} {[]}uri {[]} {[]}url {[]} {[]}uuid {[]} {[]}Address {[]} {[]}Age {[]} {[]}Annotation {[]} {[]}Attachment {[]} {[]}CodeableConcept {[]} {[]}Coding {[]} {[]}ContactPoint {[]} {[]}Count {[]} {[]}Distance {[]} {[]}Duration {[]} {[]}HumanName {[]} {[]}Identifier {[]} {[]}Money {[]} {[]}Period {[]} {[]}Quantity {[]} {[]}Range {[]} {[]}Ratio {[]} {[]}Reference {[]} {[]}SampledData {[]} {[]}Signature {[]} {[]}Timing {[]} {[]}ContactDetail {[]} {[]}Contributor {[]} {[]}DataRequirement {[]} {[]}Expression {[]} {[]}ParameterDefinition {[]} {[]}RelatedArtifact {[]} {[]}TriggerDefinition {[]} {[]}UsageContext {[]} {[]}Dosage {[]} {[]}Meta {[]} {[]}","Value of extension","Value of extension - must be one of a constrained set of the data types (see [Extensibility](http://hl7.org/fhir/R4/extensibility.html) for a list).","","","","","","","","","",,,,,"",,,,"Extension.value[x]",0,1,"","ele-1:All FHIR elements must have a @value or children {hasValue() or (children().count() > id.count())}
","N/A"
"Extension.extension:publicationForm.extension:citedMedium","Extension.extension.extension","citedMedium","","",0,1,"","","","Extension {[]} {[]}
","R5: Internet or Print (new)","R5: `Citation.citedArtifact.publicationForm.citedMedium` (new:CodeableConcept)","Element `Citation.citedArtifact.publicationForm.citedMedium` is part of an existing definition because parent element `Citation.citedArtifact.publicationForm` requires a cross-version extension.
Element `Citation.citedArtifact.publicationForm.citedMedium` is not mapped to FHIR R4, since FHIR R5 `Citation` is not mapped.
Element `Citation.citedArtifact.publicationForm.citedMedium` has no mapping targets in FHIR R4. Typically, this is because the element has been added (is a new element).","Element `Citation.citedArtifact.publicationForm.citedMedium` is part of an existing definition because parent element `Citation.citedArtifact.publicationForm` requires a cross-version extension.
Element `Citation.citedArtifact.publicationForm.citedMedium` is not mapped to FHIR R4, since FHIR R5 `Citation` is not mapped.
Element `Citation.citedArtifact.publicationForm.citedMedium` has no mapping targets in FHIR R4. Typically, this is because the element has been added (is a new element).","","","","","","","",,,,,"",,,,"Element.extension",0,*,"","ele-1:All FHIR elements must have a @value or children {hasValue() or (children().count() > id.count())}
ext-1:Must have either extensions or value[x], not both {extension.exists() != value.exists()}"
"Extension.extension:publicationForm.extension:citedMedium.id","Extension.extension.extension.id","","","",0,1,"","","","string {[]} {[]}
","Unique id for inter-element referencing","Unique id for the element within a resource (for internal references). This may be any string value that does not contain spaces.","","","","","","","","","",,,,,"",,,,"Element.id",0,1,"","","n/a"
"Extension.extension:publicationForm.extension:citedMedium.extension","Extension.extension.extension.extension","","extensions
user content","",0,*,"","","","Extension {[]} {[]}
","Additional content defined by implementations","May be used to represent additional information that is not part of the basic definition of the element. To make the use of extensions safe and manageable, there is a strict set of governance  applied to the definition and use of extensions. Though any implementer can define an extension, there is a set of requirements that SHALL be met as part of the definition of the extension.","There can be no stigma associated with the use of extensions by any application, project, or standard - regardless of the institution or jurisdiction that uses or defines the extensions.  The use of extensions is what allows the FHIR specification to retain a core level of simplicity for everyone.","","","","","","","","",,,,,"","value:url}
","Extensions are always sliced by (at least) url",,"open","Element.extension",0,*,"","ele-1:All FHIR elements must have a @value or children {hasValue() or (children().count() > id.count())}
ext-1:Must have either extensions or value[x], not both {extension.exists() != value.exists()}","n/a"
"Extension.extension:publicationForm.extension:citedMedium.url","Extension.extension.extension.url","","","",1,1,"","","","uri {[]} {[]}
","identifies the meaning of the extension","Source of the definition for the extension code - a logical name or a URL.","The definition may point directly to a computable or human-readable definition of the extensibility codes, or it may be a logical URI as declared in some other specification. The definition SHALL be a URI for the Structure Definition defining the extension.","","","","<valueUri xmlns=""http://hl7.org/fhir"" value=""citedMedium""/>","","","","",,,,,"",,,,"Extension.url",1,1,"","","N/A"
"Extension.extension:publicationForm.extension:citedMedium.value[x]","Extension.extension.extension.value[x]","","","",0,1,"","","","CodeableConcept {[]} {[]}
","Internet or Print","Describes the form of the medium cited. Common codes are ""Internet"" or ""Print"". The CitedMedium value set has 6 codes. The codes internet, print, and offline-digital-storage are the common codes for a typical publication form, though internet and print are more common for study citations. Three additional codes (each appending one of the primary codes with ""-without-issue"" are used for situations when a study is published both within an issue (of a periodical release as commonly done for journals) AND is published separately from the issue (as commonly done with early online publication), to represent specific identification of the publication form not associated with the issue.","","","","","","","","","",,"extensible","","http://hl7.org/fhir/uv/xver/ValueSet/R5-cited-medium-for-R4|0.1.0","",,,,"Extension.value[x]",0,1,"","ele-1:All FHIR elements must have a @value or children {hasValue() or (children().count() > id.count())}
","N/A"
"Extension.extension:publicationForm.extension:volume","Extension.extension.extension","volume","","",0,1,"","","","Extension {[]} {[]}
","R5: Volume number of journal or other collection in which the article is published (new)","R5: `Citation.citedArtifact.publicationForm.volume` (new:string)","Element `Citation.citedArtifact.publicationForm.volume` is part of an existing definition because parent element `Citation.citedArtifact.publicationForm` requires a cross-version extension.
Element `Citation.citedArtifact.publicationForm.volume` is not mapped to FHIR R4, since FHIR R5 `Citation` is not mapped.
Element `Citation.citedArtifact.publicationForm.volume` has no mapping targets in FHIR R4. Typically, this is because the element has been added (is a new element).","Element `Citation.citedArtifact.publicationForm.volume` is part of an existing definition because parent element `Citation.citedArtifact.publicationForm` requires a cross-version extension.
Element `Citation.citedArtifact.publicationForm.volume` is not mapped to FHIR R4, since FHIR R5 `Citation` is not mapped.
Element `Citation.citedArtifact.publicationForm.volume` has no mapping targets in FHIR R4. Typically, this is because the element has been added (is a new element).","","","","","","","",,,,,"",,,,"Element.extension",0,*,"","ele-1:All FHIR elements must have a @value or children {hasValue() or (children().count() > id.count())}
ext-1:Must have either extensions or value[x], not both {extension.exists() != value.exists()}"
"Extension.extension:publicationForm.extension:volume.id","Extension.extension.extension.id","","","",0,1,"","","","string {[]} {[]}
","Unique id for inter-element referencing","Unique id for the element within a resource (for internal references). This may be any string value that does not contain spaces.","","","","","","","","","",,,,,"",,,,"Element.id",0,1,"","","n/a"
"Extension.extension:publicationForm.extension:volume.extension","Extension.extension.extension.extension","","extensions
user content","",0,*,"","","","Extension {[]} {[]}
","Additional content defined by implementations","May be used to represent additional information that is not part of the basic definition of the element. To make the use of extensions safe and manageable, there is a strict set of governance  applied to the definition and use of extensions. Though any implementer can define an extension, there is a set of requirements that SHALL be met as part of the definition of the extension.","There can be no stigma associated with the use of extensions by any application, project, or standard - regardless of the institution or jurisdiction that uses or defines the extensions.  The use of extensions is what allows the FHIR specification to retain a core level of simplicity for everyone.","","","","","","","","",,,,,"","value:url}
","Extensions are always sliced by (at least) url",,"open","Element.extension",0,*,"","ele-1:All FHIR elements must have a @value or children {hasValue() or (children().count() > id.count())}
ext-1:Must have either extensions or value[x], not both {extension.exists() != value.exists()}","n/a"
"Extension.extension:publicationForm.extension:volume.url","Extension.extension.extension.url","","","",1,1,"","","","uri {[]} {[]}
","identifies the meaning of the extension","Source of the definition for the extension code - a logical name or a URL.","The definition may point directly to a computable or human-readable definition of the extensibility codes, or it may be a logical URI as declared in some other specification. The definition SHALL be a URI for the Structure Definition defining the extension.","","","","<valueUri xmlns=""http://hl7.org/fhir"" value=""volume""/>","","","","",,,,,"",,,,"Extension.url",1,1,"","","N/A"
"Extension.extension:publicationForm.extension:volume.value[x]","Extension.extension.extension.value[x]","","","",0,1,"","","","string {[]} {[]}
","Volume number of journal or other collection in which the article is published","Volume number of journal or other collection in which the article is published.","","","","","","","","","",,,,,"",,,,"Extension.value[x]",0,1,"","ele-1:All FHIR elements must have a @value or children {hasValue() or (children().count() > id.count())}
","N/A"
"Extension.extension:publicationForm.extension:issue","Extension.extension.extension","issue","","",0,1,"","","","Extension {[]} {[]}
","R5: Issue, part or supplement of journal or other collection in which the article is published (new)","R5: `Citation.citedArtifact.publicationForm.issue` (new:string)","Element `Citation.citedArtifact.publicationForm.issue` is part of an existing definition because parent element `Citation.citedArtifact.publicationForm` requires a cross-version extension.
Element `Citation.citedArtifact.publicationForm.issue` is not mapped to FHIR R4, since FHIR R5 `Citation` is not mapped.
Element `Citation.citedArtifact.publicationForm.issue` has no mapping targets in FHIR R4. Typically, this is because the element has been added (is a new element).","Element `Citation.citedArtifact.publicationForm.issue` is part of an existing definition because parent element `Citation.citedArtifact.publicationForm` requires a cross-version extension.
Element `Citation.citedArtifact.publicationForm.issue` is not mapped to FHIR R4, since FHIR R5 `Citation` is not mapped.
Element `Citation.citedArtifact.publicationForm.issue` has no mapping targets in FHIR R4. Typically, this is because the element has been added (is a new element).","","","","","","","",,,,,"",,,,"Element.extension",0,*,"","ele-1:All FHIR elements must have a @value or children {hasValue() or (children().count() > id.count())}
ext-1:Must have either extensions or value[x], not both {extension.exists() != value.exists()}"
"Extension.extension:publicationForm.extension:issue.id","Extension.extension.extension.id","","","",0,1,"","","","string {[]} {[]}
","Unique id for inter-element referencing","Unique id for the element within a resource (for internal references). This may be any string value that does not contain spaces.","","","","","","","","","",,,,,"",,,,"Element.id",0,1,"","","n/a"
"Extension.extension:publicationForm.extension:issue.extension","Extension.extension.extension.extension","","extensions
user content","",0,*,"","","","Extension {[]} {[]}
","Additional content defined by implementations","May be used to represent additional information that is not part of the basic definition of the element. To make the use of extensions safe and manageable, there is a strict set of governance  applied to the definition and use of extensions. Though any implementer can define an extension, there is a set of requirements that SHALL be met as part of the definition of the extension.","There can be no stigma associated with the use of extensions by any application, project, or standard - regardless of the institution or jurisdiction that uses or defines the extensions.  The use of extensions is what allows the FHIR specification to retain a core level of simplicity for everyone.","","","","","","","","",,,,,"","value:url}
","Extensions are always sliced by (at least) url",,"open","Element.extension",0,*,"","ele-1:All FHIR elements must have a @value or children {hasValue() or (children().count() > id.count())}
ext-1:Must have either extensions or value[x], not both {extension.exists() != value.exists()}","n/a"
"Extension.extension:publicationForm.extension:issue.url","Extension.extension.extension.url","","","",1,1,"","","","uri {[]} {[]}
","identifies the meaning of the extension","Source of the definition for the extension code - a logical name or a URL.","The definition may point directly to a computable or human-readable definition of the extensibility codes, or it may be a logical URI as declared in some other specification. The definition SHALL be a URI for the Structure Definition defining the extension.","","","","<valueUri xmlns=""http://hl7.org/fhir"" value=""issue""/>","","","","",,,,,"",,,,"Extension.url",1,1,"","","N/A"
"Extension.extension:publicationForm.extension:issue.value[x]","Extension.extension.extension.value[x]","","","",0,1,"","","","string {[]} {[]}
","Issue, part or supplement of journal or other collection in which the article is published","Issue, part or supplement of journal or other collection in which the article is published.","","","","","","","","","",,,,,"",,,,"Extension.value[x]",0,1,"","ele-1:All FHIR elements must have a @value or children {hasValue() or (children().count() > id.count())}
","N/A"
"Extension.extension:publicationForm.extension:articleDate","Extension.extension.extension","articleDate","","",0,1,"","","","Extension {[]} {[]}
","R5: The date the article was added to the database, or the date the article was released (new)","R5: `Citation.citedArtifact.publicationForm.articleDate` (new:dateTime)","Element `Citation.citedArtifact.publicationForm.articleDate` is part of an existing definition because parent element `Citation.citedArtifact.publicationForm` requires a cross-version extension.
Element `Citation.citedArtifact.publicationForm.articleDate` is not mapped to FHIR R4, since FHIR R5 `Citation` is not mapped.
Element `Citation.citedArtifact.publicationForm.articleDate` has no mapping targets in FHIR R4. Typically, this is because the element has been added (is a new element).
The articleDate is the preferred element for expressing the publication date as structured data.","Element `Citation.citedArtifact.publicationForm.articleDate` is part of an existing definition because parent element `Citation.citedArtifact.publicationForm` requires a cross-version extension.
Element `Citation.citedArtifact.publicationForm.articleDate` is not mapped to FHIR R4, since FHIR R5 `Citation` is not mapped.
Element `Citation.citedArtifact.publicationForm.articleDate` has no mapping targets in FHIR R4. Typically, this is because the element has been added (is a new element).","","","","","","","",,,,,"",,,,"Element.extension",0,*,"","ele-1:All FHIR elements must have a @value or children {hasValue() or (children().count() > id.count())}
ext-1:Must have either extensions or value[x], not both {extension.exists() != value.exists()}"
"Extension.extension:publicationForm.extension:articleDate.id","Extension.extension.extension.id","","","",0,1,"","","","string {[]} {[]}
","Unique id for inter-element referencing","Unique id for the element within a resource (for internal references). This may be any string value that does not contain spaces.","","","","","","","","","",,,,,"",,,,"Element.id",0,1,"","","n/a"
"Extension.extension:publicationForm.extension:articleDate.extension","Extension.extension.extension.extension","","extensions
user content","",0,*,"","","","Extension {[]} {[]}
","Additional content defined by implementations","May be used to represent additional information that is not part of the basic definition of the element. To make the use of extensions safe and manageable, there is a strict set of governance  applied to the definition and use of extensions. Though any implementer can define an extension, there is a set of requirements that SHALL be met as part of the definition of the extension.","There can be no stigma associated with the use of extensions by any application, project, or standard - regardless of the institution or jurisdiction that uses or defines the extensions.  The use of extensions is what allows the FHIR specification to retain a core level of simplicity for everyone.","","","","","","","","",,,,,"","value:url}
","Extensions are always sliced by (at least) url",,"open","Element.extension",0,*,"","ele-1:All FHIR elements must have a @value or children {hasValue() or (children().count() > id.count())}
ext-1:Must have either extensions or value[x], not both {extension.exists() != value.exists()}","n/a"
"Extension.extension:publicationForm.extension:articleDate.url","Extension.extension.extension.url","","","",1,1,"","","","uri {[]} {[]}
","identifies the meaning of the extension","Source of the definition for the extension code - a logical name or a URL.","The definition may point directly to a computable or human-readable definition of the extensibility codes, or it may be a logical URI as declared in some other specification. The definition SHALL be a URI for the Structure Definition defining the extension.","","","","<valueUri xmlns=""http://hl7.org/fhir"" value=""articleDate""/>","","","","",,,,,"",,,,"Extension.url",1,1,"","","N/A"
"Extension.extension:publicationForm.extension:articleDate.value[x]","Extension.extension.extension.value[x]","","","",0,1,"","","","dateTime {[]} {[]}
","The date the article was added to the database, or the date the article was released","The date the article was added to the database, or the date the article was released.","The articleDate is the preferred element for expressing the publication date as structured data.","","","","","","","","",,,,,"",,,,"Extension.value[x]",0,1,"","ele-1:All FHIR elements must have a @value or children {hasValue() or (children().count() > id.count())}
","N/A"
"Extension.extension:publicationForm.extension:publicationDateText","Extension.extension.extension","publicationDateText","","",0,1,"","","","Extension {[]} {[]}
","R5: Text representation of the date on which the issue of the cited artifact was published (new)","R5: `Citation.citedArtifact.publicationForm.publicationDateText` (new:string)","Element `Citation.citedArtifact.publicationForm.publicationDateText` is part of an existing definition because parent element `Citation.citedArtifact.publicationForm` requires a cross-version extension.
Element `Citation.citedArtifact.publicationForm.publicationDateText` is not mapped to FHIR R4, since FHIR R5 `Citation` is not mapped.
Element `Citation.citedArtifact.publicationForm.publicationDateText` has no mapping targets in FHIR R4. Typically, this is because the element has been added (is a new element).
The publicationDateText element is prefererntially used when a date is not represented in a form that can be handled as structured data in other elements.","Element `Citation.citedArtifact.publicationForm.publicationDateText` is part of an existing definition because parent element `Citation.citedArtifact.publicationForm` requires a cross-version extension.
Element `Citation.citedArtifact.publicationForm.publicationDateText` is not mapped to FHIR R4, since FHIR R5 `Citation` is not mapped.
Element `Citation.citedArtifact.publicationForm.publicationDateText` has no mapping targets in FHIR R4. Typically, this is because the element has been added (is a new element).","","","","","","","",,,,,"",,,,"Element.extension",0,*,"","ele-1:All FHIR elements must have a @value or children {hasValue() or (children().count() > id.count())}
ext-1:Must have either extensions or value[x], not both {extension.exists() != value.exists()}"
"Extension.extension:publicationForm.extension:publicationDateText.id","Extension.extension.extension.id","","","",0,1,"","","","string {[]} {[]}
","Unique id for inter-element referencing","Unique id for the element within a resource (for internal references). This may be any string value that does not contain spaces.","","","","","","","","","",,,,,"",,,,"Element.id",0,1,"","","n/a"
"Extension.extension:publicationForm.extension:publicationDateText.extension","Extension.extension.extension.extension","","extensions
user content","",0,*,"","","","Extension {[]} {[]}
","Additional content defined by implementations","May be used to represent additional information that is not part of the basic definition of the element. To make the use of extensions safe and manageable, there is a strict set of governance  applied to the definition and use of extensions. Though any implementer can define an extension, there is a set of requirements that SHALL be met as part of the definition of the extension.","There can be no stigma associated with the use of extensions by any application, project, or standard - regardless of the institution or jurisdiction that uses or defines the extensions.  The use of extensions is what allows the FHIR specification to retain a core level of simplicity for everyone.","","","","","","","","",,,,,"","value:url}
","Extensions are always sliced by (at least) url",,"open","Element.extension",0,*,"","ele-1:All FHIR elements must have a @value or children {hasValue() or (children().count() > id.count())}
ext-1:Must have either extensions or value[x], not both {extension.exists() != value.exists()}","n/a"
"Extension.extension:publicationForm.extension:publicationDateText.url","Extension.extension.extension.url","","","",1,1,"","","","uri {[]} {[]}
","identifies the meaning of the extension","Source of the definition for the extension code - a logical name or a URL.","The definition may point directly to a computable or human-readable definition of the extensibility codes, or it may be a logical URI as declared in some other specification. The definition SHALL be a URI for the Structure Definition defining the extension.","","","","<valueUri xmlns=""http://hl7.org/fhir"" value=""publicationDateText""/>","","","","",,,,,"",,,,"Extension.url",1,1,"","","N/A"
"Extension.extension:publicationForm.extension:publicationDateText.value[x]","Extension.extension.extension.value[x]","","","",0,1,"","","","string {[]} {[]}
","Text representation of the date on which the issue of the cited artifact was published","Text representation of the date on which the issue of the cited artifact was published.","The publicationDateText element is prefererntially used when a date is not represented in a form that can be handled as structured data in other elements.","","","","","","","","",,,,,"",,,,"Extension.value[x]",0,1,"","ele-1:All FHIR elements must have a @value or children {hasValue() or (children().count() > id.count())}
","N/A"
"Extension.extension:publicationForm.extension:publicationDateSeason","Extension.extension.extension","publicationDateSeason","","",0,1,"","","","Extension {[]} {[]}
","R5: Season in which the cited artifact was published (new)","R5: `Citation.citedArtifact.publicationForm.publicationDateSeason` (new:string)","Element `Citation.citedArtifact.publicationForm.publicationDateSeason` is part of an existing definition because parent element `Citation.citedArtifact.publicationForm` requires a cross-version extension.
Element `Citation.citedArtifact.publicationForm.publicationDateSeason` is not mapped to FHIR R4, since FHIR R5 `Citation` is not mapped.
Element `Citation.citedArtifact.publicationForm.publicationDateSeason` has no mapping targets in FHIR R4. Typically, this is because the element has been added (is a new element).","Element `Citation.citedArtifact.publicationForm.publicationDateSeason` is part of an existing definition because parent element `Citation.citedArtifact.publicationForm` requires a cross-version extension.
Element `Citation.citedArtifact.publicationForm.publicationDateSeason` is not mapped to FHIR R4, since FHIR R5 `Citation` is not mapped.
Element `Citation.citedArtifact.publicationForm.publicationDateSeason` has no mapping targets in FHIR R4. Typically, this is because the element has been added (is a new element).","","","","","","","",,,,,"",,,,"Element.extension",0,*,"","ele-1:All FHIR elements must have a @value or children {hasValue() or (children().count() > id.count())}
ext-1:Must have either extensions or value[x], not both {extension.exists() != value.exists()}"
"Extension.extension:publicationForm.extension:publicationDateSeason.id","Extension.extension.extension.id","","","",0,1,"","","","string {[]} {[]}
","Unique id for inter-element referencing","Unique id for the element within a resource (for internal references). This may be any string value that does not contain spaces.","","","","","","","","","",,,,,"",,,,"Element.id",0,1,"","","n/a"
"Extension.extension:publicationForm.extension:publicationDateSeason.extension","Extension.extension.extension.extension","","extensions
user content","",0,*,"","","","Extension {[]} {[]}
","Additional content defined by implementations","May be used to represent additional information that is not part of the basic definition of the element. To make the use of extensions safe and manageable, there is a strict set of governance  applied to the definition and use of extensions. Though any implementer can define an extension, there is a set of requirements that SHALL be met as part of the definition of the extension.","There can be no stigma associated with the use of extensions by any application, project, or standard - regardless of the institution or jurisdiction that uses or defines the extensions.  The use of extensions is what allows the FHIR specification to retain a core level of simplicity for everyone.","","","","","","","","",,,,,"","value:url}
","Extensions are always sliced by (at least) url",,"open","Element.extension",0,*,"","ele-1:All FHIR elements must have a @value or children {hasValue() or (children().count() > id.count())}
ext-1:Must have either extensions or value[x], not both {extension.exists() != value.exists()}","n/a"
"Extension.extension:publicationForm.extension:publicationDateSeason.url","Extension.extension.extension.url","","","",1,1,"","","","uri {[]} {[]}
","identifies the meaning of the extension","Source of the definition for the extension code - a logical name or a URL.","The definition may point directly to a computable or human-readable definition of the extensibility codes, or it may be a logical URI as declared in some other specification. The definition SHALL be a URI for the Structure Definition defining the extension.","","","","<valueUri xmlns=""http://hl7.org/fhir"" value=""publicationDateSeason""/>","","","","",,,,,"",,,,"Extension.url",1,1,"","","N/A"
"Extension.extension:publicationForm.extension:publicationDateSeason.value[x]","Extension.extension.extension.value[x]","","","",0,1,"","","","string {[]} {[]}
","Season in which the cited artifact was published","Spring, Summer, Fall/Autumn, Winter.","","","","","","","","","",,,,,"",,,,"Extension.value[x]",0,1,"","ele-1:All FHIR elements must have a @value or children {hasValue() or (children().count() > id.count())}
","N/A"
"Extension.extension:publicationForm.extension:lastRevisionDate","Extension.extension.extension","lastRevisionDate","","",0,1,"","","","Extension {[]} {[]}
","R5: The date the article was last revised or updated in the database (new)","R5: `Citation.citedArtifact.publicationForm.lastRevisionDate` (new:dateTime)","Element `Citation.citedArtifact.publicationForm.lastRevisionDate` is part of an existing definition because parent element `Citation.citedArtifact.publicationForm` requires a cross-version extension.
Element `Citation.citedArtifact.publicationForm.lastRevisionDate` is not mapped to FHIR R4, since FHIR R5 `Citation` is not mapped.
Element `Citation.citedArtifact.publicationForm.lastRevisionDate` has no mapping targets in FHIR R4. Typically, this is because the element has been added (is a new element).
The lastRevisionDate is used for the cited article and not the date the Citation Resource is last revised.","Element `Citation.citedArtifact.publicationForm.lastRevisionDate` is part of an existing definition because parent element `Citation.citedArtifact.publicationForm` requires a cross-version extension.
Element `Citation.citedArtifact.publicationForm.lastRevisionDate` is not mapped to FHIR R4, since FHIR R5 `Citation` is not mapped.
Element `Citation.citedArtifact.publicationForm.lastRevisionDate` has no mapping targets in FHIR R4. Typically, this is because the element has been added (is a new element).","","","","","","","",,,,,"",,,,"Element.extension",0,*,"","ele-1:All FHIR elements must have a @value or children {hasValue() or (children().count() > id.count())}
ext-1:Must have either extensions or value[x], not both {extension.exists() != value.exists()}"
"Extension.extension:publicationForm.extension:lastRevisionDate.id","Extension.extension.extension.id","","","",0,1,"","","","string {[]} {[]}
","Unique id for inter-element referencing","Unique id for the element within a resource (for internal references). This may be any string value that does not contain spaces.","","","","","","","","","",,,,,"",,,,"Element.id",0,1,"","","n/a"
"Extension.extension:publicationForm.extension:lastRevisionDate.extension","Extension.extension.extension.extension","","extensions
user content","",0,*,"","","","Extension {[]} {[]}
","Additional content defined by implementations","May be used to represent additional information that is not part of the basic definition of the element. To make the use of extensions safe and manageable, there is a strict set of governance  applied to the definition and use of extensions. Though any implementer can define an extension, there is a set of requirements that SHALL be met as part of the definition of the extension.","There can be no stigma associated with the use of extensions by any application, project, or standard - regardless of the institution or jurisdiction that uses or defines the extensions.  The use of extensions is what allows the FHIR specification to retain a core level of simplicity for everyone.","","","","","","","","",,,,,"","value:url}
","Extensions are always sliced by (at least) url",,"open","Element.extension",0,*,"","ele-1:All FHIR elements must have a @value or children {hasValue() or (children().count() > id.count())}
ext-1:Must have either extensions or value[x], not both {extension.exists() != value.exists()}","n/a"
"Extension.extension:publicationForm.extension:lastRevisionDate.url","Extension.extension.extension.url","","","",1,1,"","","","uri {[]} {[]}
","identifies the meaning of the extension","Source of the definition for the extension code - a logical name or a URL.","The definition may point directly to a computable or human-readable definition of the extensibility codes, or it may be a logical URI as declared in some other specification. The definition SHALL be a URI for the Structure Definition defining the extension.","","","","<valueUri xmlns=""http://hl7.org/fhir"" value=""lastRevisionDate""/>","","","","",,,,,"",,,,"Extension.url",1,1,"","","N/A"
"Extension.extension:publicationForm.extension:lastRevisionDate.value[x]","Extension.extension.extension.value[x]","","","",0,1,"","","","dateTime {[]} {[]}
","The date the article was last revised or updated in the database","The date the article was last revised or updated in the database.","The lastRevisionDate is used for the cited article and not the date the Citation Resource is last revised.","","","","","","","","",,,,,"",,,,"Extension.value[x]",0,1,"","ele-1:All FHIR elements must have a @value or children {hasValue() or (children().count() > id.count())}
","N/A"
"Extension.extension:publicationForm.extension:language","Extension.extension.extension","language","","",0,*,"","","","Extension {[]} {[]}
","R5: Language(s) in which this form of the article is published (new)","R5: `Citation.citedArtifact.publicationForm.language` (new:CodeableConcept)","Element `Citation.citedArtifact.publicationForm.language` is part of an existing definition because parent element `Citation.citedArtifact.publicationForm` requires a cross-version extension.
Element `Citation.citedArtifact.publicationForm.language` is not mapped to FHIR R4, since FHIR R5 `Citation` is not mapped.
Element `Citation.citedArtifact.publicationForm.language` has no mapping targets in FHIR R4. Typically, this is because the element has been added (is a new element).","Element `Citation.citedArtifact.publicationForm.language` is part of an existing definition because parent element `Citation.citedArtifact.publicationForm` requires a cross-version extension.
Element `Citation.citedArtifact.publicationForm.language` is not mapped to FHIR R4, since FHIR R5 `Citation` is not mapped.
Element `Citation.citedArtifact.publicationForm.language` has no mapping targets in FHIR R4. Typically, this is because the element has been added (is a new element).","","","","","","","",,,,,"",,,,"Element.extension",0,*,"","ele-1:All FHIR elements must have a @value or children {hasValue() or (children().count() > id.count())}
ext-1:Must have either extensions or value[x], not both {extension.exists() != value.exists()}"
"Extension.extension:publicationForm.extension:language.id","Extension.extension.extension.id","","","",0,1,"","","","string {[]} {[]}
","Unique id for inter-element referencing","Unique id for the element within a resource (for internal references). This may be any string value that does not contain spaces.","","","","","","","","","",,,,,"",,,,"Element.id",0,1,"","","n/a"
"Extension.extension:publicationForm.extension:language.extension","Extension.extension.extension.extension","","extensions
user content","",0,*,"","","","Extension {[]} {[]}
","Additional content defined by implementations","May be used to represent additional information that is not part of the basic definition of the element. To make the use of extensions safe and manageable, there is a strict set of governance  applied to the definition and use of extensions. Though any implementer can define an extension, there is a set of requirements that SHALL be met as part of the definition of the extension.","There can be no stigma associated with the use of extensions by any application, project, or standard - regardless of the institution or jurisdiction that uses or defines the extensions.  The use of extensions is what allows the FHIR specification to retain a core level of simplicity for everyone.","","","","","","","","",,,,,"","value:url}
","Extensions are always sliced by (at least) url",,"open","Element.extension",0,*,"","ele-1:All FHIR elements must have a @value or children {hasValue() or (children().count() > id.count())}
ext-1:Must have either extensions or value[x], not both {extension.exists() != value.exists()}","n/a"
"Extension.extension:publicationForm.extension:language.url","Extension.extension.extension.url","","","",1,1,"","","","uri {[]} {[]}
","identifies the meaning of the extension","Source of the definition for the extension code - a logical name or a URL.","The definition may point directly to a computable or human-readable definition of the extensibility codes, or it may be a logical URI as declared in some other specification. The definition SHALL be a URI for the Structure Definition defining the extension.","","","","<valueUri xmlns=""http://hl7.org/fhir"" value=""language""/>","","","","",,,,,"",,,,"Extension.url",1,1,"","","N/A"
"Extension.extension:publicationForm.extension:language.value[x]","Extension.extension.extension.value[x]","","","",0,1,"","","","CodeableConcept {[]} {[]}
","Language(s) in which this form of the article is published","The language or languages in which this form of the article is published.","","","","","","","","","",,"preferred","A human language.","http://hl7.org/fhir/uv/xver/ValueSet/R5-languages-for-R4|0.1.0","",,,,"Extension.value[x]",0,1,"","ele-1:All FHIR elements must have a @value or children {hasValue() or (children().count() > id.count())}
","N/A"
"Extension.extension:publicationForm.extension:accessionNumber","Extension.extension.extension","accessionNumber","","",0,1,"","","","Extension {[]} {[]}
","R5: Entry number or identifier for inclusion in a database (new)","R5: `Citation.citedArtifact.publicationForm.accessionNumber` (new:string)","Element `Citation.citedArtifact.publicationForm.accessionNumber` is part of an existing definition because parent element `Citation.citedArtifact.publicationForm` requires a cross-version extension.
Element `Citation.citedArtifact.publicationForm.accessionNumber` is not mapped to FHIR R4, since FHIR R5 `Citation` is not mapped.
Element `Citation.citedArtifact.publicationForm.accessionNumber` has no mapping targets in FHIR R4. Typically, this is because the element has been added (is a new element).
Accession numbers may be used instead of or in addition to page numbers.  Accession numbers are functionally identifiers when coupled with the identity of the database for which they are accession numbers. Accession numbers which are used for indexing citations in a dataset of citations should NOT be entered in Citation.citedArtifact.publicationForm.accessionNumber -- this use would be a type of Citation.identifier for the citation record itself.","Element `Citation.citedArtifact.publicationForm.accessionNumber` is part of an existing definition because parent element `Citation.citedArtifact.publicationForm` requires a cross-version extension.
Element `Citation.citedArtifact.publicationForm.accessionNumber` is not mapped to FHIR R4, since FHIR R5 `Citation` is not mapped.
Element `Citation.citedArtifact.publicationForm.accessionNumber` has no mapping targets in FHIR R4. Typically, this is because the element has been added (is a new element).","","","","","","","",,,,,"",,,,"Element.extension",0,*,"","ele-1:All FHIR elements must have a @value or children {hasValue() or (children().count() > id.count())}
ext-1:Must have either extensions or value[x], not both {extension.exists() != value.exists()}"
"Extension.extension:publicationForm.extension:accessionNumber.id","Extension.extension.extension.id","","","",0,1,"","","","string {[]} {[]}
","Unique id for inter-element referencing","Unique id for the element within a resource (for internal references). This may be any string value that does not contain spaces.","","","","","","","","","",,,,,"",,,,"Element.id",0,1,"","","n/a"
"Extension.extension:publicationForm.extension:accessionNumber.extension","Extension.extension.extension.extension","","extensions
user content","",0,*,"","","","Extension {[]} {[]}
","Additional content defined by implementations","May be used to represent additional information that is not part of the basic definition of the element. To make the use of extensions safe and manageable, there is a strict set of governance  applied to the definition and use of extensions. Though any implementer can define an extension, there is a set of requirements that SHALL be met as part of the definition of the extension.","There can be no stigma associated with the use of extensions by any application, project, or standard - regardless of the institution or jurisdiction that uses or defines the extensions.  The use of extensions is what allows the FHIR specification to retain a core level of simplicity for everyone.","","","","","","","","",,,,,"","value:url}
","Extensions are always sliced by (at least) url",,"open","Element.extension",0,*,"","ele-1:All FHIR elements must have a @value or children {hasValue() or (children().count() > id.count())}
ext-1:Must have either extensions or value[x], not both {extension.exists() != value.exists()}","n/a"
"Extension.extension:publicationForm.extension:accessionNumber.url","Extension.extension.extension.url","","","",1,1,"","","","uri {[]} {[]}
","identifies the meaning of the extension","Source of the definition for the extension code - a logical name or a URL.","The definition may point directly to a computable or human-readable definition of the extensibility codes, or it may be a logical URI as declared in some other specification. The definition SHALL be a URI for the Structure Definition defining the extension.","","","","<valueUri xmlns=""http://hl7.org/fhir"" value=""accessionNumber""/>","","","","",,,,,"",,,,"Extension.url",1,1,"","","N/A"
"Extension.extension:publicationForm.extension:accessionNumber.value[x]","Extension.extension.extension.value[x]","","","",0,1,"","","","string {[]} {[]}
","Entry number or identifier for inclusion in a database","Entry number or identifier for inclusion in a database.","Accession numbers may be used instead of or in addition to page numbers.  Accession numbers are functionally identifiers when coupled with the identity of the database for which they are accession numbers. Accession numbers which are used for indexing citations in a dataset of citations should NOT be entered in Citation.citedArtifact.publicationForm.accessionNumber -- this use would be a type of Citation.identifier for the citation record itself.","","","","","","","","",,,,,"",,,,"Extension.value[x]",0,1,"","ele-1:All FHIR elements must have a @value or children {hasValue() or (children().count() > id.count())}
","N/A"
"Extension.extension:publicationForm.extension:pageString","Extension.extension.extension","pageString","","",0,1,"","","","Extension {[]} {[]}
","R5: Used for full display of pagination (new)","R5: `Citation.citedArtifact.publicationForm.pageString` (new:string)","Element `Citation.citedArtifact.publicationForm.pageString` is part of an existing definition because parent element `Citation.citedArtifact.publicationForm` requires a cross-version extension.
Element `Citation.citedArtifact.publicationForm.pageString` is not mapped to FHIR R4, since FHIR R5 `Citation` is not mapped.
Element `Citation.citedArtifact.publicationForm.pageString` has no mapping targets in FHIR R4. Typically, this is because the element has been added (is a new element).","Element `Citation.citedArtifact.publicationForm.pageString` is part of an existing definition because parent element `Citation.citedArtifact.publicationForm` requires a cross-version extension.
Element `Citation.citedArtifact.publicationForm.pageString` is not mapped to FHIR R4, since FHIR R5 `Citation` is not mapped.
Element `Citation.citedArtifact.publicationForm.pageString` has no mapping targets in FHIR R4. Typically, this is because the element has been added (is a new element).","","","","","","","",,,,,"",,,,"Element.extension",0,*,"","ele-1:All FHIR elements must have a @value or children {hasValue() or (children().count() > id.count())}
ext-1:Must have either extensions or value[x], not both {extension.exists() != value.exists()}"
"Extension.extension:publicationForm.extension:pageString.id","Extension.extension.extension.id","","","",0,1,"","","","string {[]} {[]}
","Unique id for inter-element referencing","Unique id for the element within a resource (for internal references). This may be any string value that does not contain spaces.","","","","","","","","","",,,,,"",,,,"Element.id",0,1,"","","n/a"
"Extension.extension:publicationForm.extension:pageString.extension","Extension.extension.extension.extension","","extensions
user content","",0,*,"","","","Extension {[]} {[]}
","Additional content defined by implementations","May be used to represent additional information that is not part of the basic definition of the element. To make the use of extensions safe and manageable, there is a strict set of governance  applied to the definition and use of extensions. Though any implementer can define an extension, there is a set of requirements that SHALL be met as part of the definition of the extension.","There can be no stigma associated with the use of extensions by any application, project, or standard - regardless of the institution or jurisdiction that uses or defines the extensions.  The use of extensions is what allows the FHIR specification to retain a core level of simplicity for everyone.","","","","","","","","",,,,,"","value:url}
","Extensions are always sliced by (at least) url",,"open","Element.extension",0,*,"","ele-1:All FHIR elements must have a @value or children {hasValue() or (children().count() > id.count())}
ext-1:Must have either extensions or value[x], not both {extension.exists() != value.exists()}","n/a"
"Extension.extension:publicationForm.extension:pageString.url","Extension.extension.extension.url","","","",1,1,"","","","uri {[]} {[]}
","identifies the meaning of the extension","Source of the definition for the extension code - a logical name or a URL.","The definition may point directly to a computable or human-readable definition of the extensibility codes, or it may be a logical URI as declared in some other specification. The definition SHALL be a URI for the Structure Definition defining the extension.","","","","<valueUri xmlns=""http://hl7.org/fhir"" value=""pageString""/>","","","","",,,,,"",,,,"Extension.url",1,1,"","","N/A"
"Extension.extension:publicationForm.extension:pageString.value[x]","Extension.extension.extension.value[x]","","","",0,1,"","","","string {[]} {[]}
","Used for full display of pagination","Used for full display of pagination.","","","","","","","","","",,,,,"",,,,"Extension.value[x]",0,1,"","ele-1:All FHIR elements must have a @value or children {hasValue() or (children().count() > id.count())}
","N/A"
"Extension.extension:publicationForm.extension:firstPage","Extension.extension.extension","firstPage","","",0,1,"","","","Extension {[]} {[]}
","R5: Used for isolated representation of first page (new)","R5: `Citation.citedArtifact.publicationForm.firstPage` (new:string)","Element `Citation.citedArtifact.publicationForm.firstPage` is part of an existing definition because parent element `Citation.citedArtifact.publicationForm` requires a cross-version extension.
Element `Citation.citedArtifact.publicationForm.firstPage` is not mapped to FHIR R4, since FHIR R5 `Citation` is not mapped.
Element `Citation.citedArtifact.publicationForm.firstPage` has no mapping targets in FHIR R4. Typically, this is because the element has been added (is a new element).","Element `Citation.citedArtifact.publicationForm.firstPage` is part of an existing definition because parent element `Citation.citedArtifact.publicationForm` requires a cross-version extension.
Element `Citation.citedArtifact.publicationForm.firstPage` is not mapped to FHIR R4, since FHIR R5 `Citation` is not mapped.
Element `Citation.citedArtifact.publicationForm.firstPage` has no mapping targets in FHIR R4. Typically, this is because the element has been added (is a new element).","","","","","","","",,,,,"",,,,"Element.extension",0,*,"","ele-1:All FHIR elements must have a @value or children {hasValue() or (children().count() > id.count())}
ext-1:Must have either extensions or value[x], not both {extension.exists() != value.exists()}"
"Extension.extension:publicationForm.extension:firstPage.id","Extension.extension.extension.id","","","",0,1,"","","","string {[]} {[]}
","Unique id for inter-element referencing","Unique id for the element within a resource (for internal references). This may be any string value that does not contain spaces.","","","","","","","","","",,,,,"",,,,"Element.id",0,1,"","","n/a"
"Extension.extension:publicationForm.extension:firstPage.extension","Extension.extension.extension.extension","","extensions
user content","",0,*,"","","","Extension {[]} {[]}
","Additional content defined by implementations","May be used to represent additional information that is not part of the basic definition of the element. To make the use of extensions safe and manageable, there is a strict set of governance  applied to the definition and use of extensions. Though any implementer can define an extension, there is a set of requirements that SHALL be met as part of the definition of the extension.","There can be no stigma associated with the use of extensions by any application, project, or standard - regardless of the institution or jurisdiction that uses or defines the extensions.  The use of extensions is what allows the FHIR specification to retain a core level of simplicity for everyone.","","","","","","","","",,,,,"","value:url}
","Extensions are always sliced by (at least) url",,"open","Element.extension",0,*,"","ele-1:All FHIR elements must have a @value or children {hasValue() or (children().count() > id.count())}
ext-1:Must have either extensions or value[x], not both {extension.exists() != value.exists()}","n/a"
"Extension.extension:publicationForm.extension:firstPage.url","Extension.extension.extension.url","","","",1,1,"","","","uri {[]} {[]}
","identifies the meaning of the extension","Source of the definition for the extension code - a logical name or a URL.","The definition may point directly to a computable or human-readable definition of the extensibility codes, or it may be a logical URI as declared in some other specification. The definition SHALL be a URI for the Structure Definition defining the extension.","","","","<valueUri xmlns=""http://hl7.org/fhir"" value=""firstPage""/>","","","","",,,,,"",,,,"Extension.url",1,1,"","","N/A"
"Extension.extension:publicationForm.extension:firstPage.value[x]","Extension.extension.extension.value[x]","","","",0,1,"","","","string {[]} {[]}
","Used for isolated representation of first page","Used for isolated representation of first page.","","","","","","","","","",,,,,"",,,,"Extension.value[x]",0,1,"","ele-1:All FHIR elements must have a @value or children {hasValue() or (children().count() > id.count())}
","N/A"
"Extension.extension:publicationForm.extension:lastPage","Extension.extension.extension","lastPage","","",0,1,"","","","Extension {[]} {[]}
","R5: Used for isolated representation of last page (new)","R5: `Citation.citedArtifact.publicationForm.lastPage` (new:string)","Element `Citation.citedArtifact.publicationForm.lastPage` is part of an existing definition because parent element `Citation.citedArtifact.publicationForm` requires a cross-version extension.
Element `Citation.citedArtifact.publicationForm.lastPage` is not mapped to FHIR R4, since FHIR R5 `Citation` is not mapped.
Element `Citation.citedArtifact.publicationForm.lastPage` has no mapping targets in FHIR R4. Typically, this is because the element has been added (is a new element).","Element `Citation.citedArtifact.publicationForm.lastPage` is part of an existing definition because parent element `Citation.citedArtifact.publicationForm` requires a cross-version extension.
Element `Citation.citedArtifact.publicationForm.lastPage` is not mapped to FHIR R4, since FHIR R5 `Citation` is not mapped.
Element `Citation.citedArtifact.publicationForm.lastPage` has no mapping targets in FHIR R4. Typically, this is because the element has been added (is a new element).","","","","","","","",,,,,"",,,,"Element.extension",0,*,"","ele-1:All FHIR elements must have a @value or children {hasValue() or (children().count() > id.count())}
ext-1:Must have either extensions or value[x], not both {extension.exists() != value.exists()}"
"Extension.extension:publicationForm.extension:lastPage.id","Extension.extension.extension.id","","","",0,1,"","","","string {[]} {[]}
","Unique id for inter-element referencing","Unique id for the element within a resource (for internal references). This may be any string value that does not contain spaces.","","","","","","","","","",,,,,"",,,,"Element.id",0,1,"","","n/a"
"Extension.extension:publicationForm.extension:lastPage.extension","Extension.extension.extension.extension","","extensions
user content","",0,*,"","","","Extension {[]} {[]}
","Additional content defined by implementations","May be used to represent additional information that is not part of the basic definition of the element. To make the use of extensions safe and manageable, there is a strict set of governance  applied to the definition and use of extensions. Though any implementer can define an extension, there is a set of requirements that SHALL be met as part of the definition of the extension.","There can be no stigma associated with the use of extensions by any application, project, or standard - regardless of the institution or jurisdiction that uses or defines the extensions.  The use of extensions is what allows the FHIR specification to retain a core level of simplicity for everyone.","","","","","","","","",,,,,"","value:url}
","Extensions are always sliced by (at least) url",,"open","Element.extension",0,*,"","ele-1:All FHIR elements must have a @value or children {hasValue() or (children().count() > id.count())}
ext-1:Must have either extensions or value[x], not both {extension.exists() != value.exists()}","n/a"
"Extension.extension:publicationForm.extension:lastPage.url","Extension.extension.extension.url","","","",1,1,"","","","uri {[]} {[]}
","identifies the meaning of the extension","Source of the definition for the extension code - a logical name or a URL.","The definition may point directly to a computable or human-readable definition of the extensibility codes, or it may be a logical URI as declared in some other specification. The definition SHALL be a URI for the Structure Definition defining the extension.","","","","<valueUri xmlns=""http://hl7.org/fhir"" value=""lastPage""/>","","","","",,,,,"",,,,"Extension.url",1,1,"","","N/A"
"Extension.extension:publicationForm.extension:lastPage.value[x]","Extension.extension.extension.value[x]","","","",0,1,"","","","string {[]} {[]}
","Used for isolated representation of last page","Used for isolated representation of last page.","","","","","","","","","",,,,,"",,,,"Extension.value[x]",0,1,"","ele-1:All FHIR elements must have a @value or children {hasValue() or (children().count() > id.count())}
","N/A"
"Extension.extension:publicationForm.extension:pageCount","Extension.extension.extension","pageCount","","",0,1,"","","","Extension {[]} {[]}
","R5: Number of pages or screens (new)","R5: `Citation.citedArtifact.publicationForm.pageCount` (new:string)","Element `Citation.citedArtifact.publicationForm.pageCount` is part of an existing definition because parent element `Citation.citedArtifact.publicationForm` requires a cross-version extension.
Element `Citation.citedArtifact.publicationForm.pageCount` is not mapped to FHIR R4, since FHIR R5 `Citation` is not mapped.
Element `Citation.citedArtifact.publicationForm.pageCount` has no mapping targets in FHIR R4. Typically, this is because the element has been added (is a new element).","Element `Citation.citedArtifact.publicationForm.pageCount` is part of an existing definition because parent element `Citation.citedArtifact.publicationForm` requires a cross-version extension.
Element `Citation.citedArtifact.publicationForm.pageCount` is not mapped to FHIR R4, since FHIR R5 `Citation` is not mapped.
Element `Citation.citedArtifact.publicationForm.pageCount` has no mapping targets in FHIR R4. Typically, this is because the element has been added (is a new element).","","","","","","","",,,,,"",,,,"Element.extension",0,*,"","ele-1:All FHIR elements must have a @value or children {hasValue() or (children().count() > id.count())}
ext-1:Must have either extensions or value[x], not both {extension.exists() != value.exists()}"
"Extension.extension:publicationForm.extension:pageCount.id","Extension.extension.extension.id","","","",0,1,"","","","string {[]} {[]}
","Unique id for inter-element referencing","Unique id for the element within a resource (for internal references). This may be any string value that does not contain spaces.","","","","","","","","","",,,,,"",,,,"Element.id",0,1,"","","n/a"
"Extension.extension:publicationForm.extension:pageCount.extension","Extension.extension.extension.extension","","extensions
user content","",0,*,"","","","Extension {[]} {[]}
","Additional content defined by implementations","May be used to represent additional information that is not part of the basic definition of the element. To make the use of extensions safe and manageable, there is a strict set of governance  applied to the definition and use of extensions. Though any implementer can define an extension, there is a set of requirements that SHALL be met as part of the definition of the extension.","There can be no stigma associated with the use of extensions by any application, project, or standard - regardless of the institution or jurisdiction that uses or defines the extensions.  The use of extensions is what allows the FHIR specification to retain a core level of simplicity for everyone.","","","","","","","","",,,,,"","value:url}
","Extensions are always sliced by (at least) url",,"open","Element.extension",0,*,"","ele-1:All FHIR elements must have a @value or children {hasValue() or (children().count() > id.count())}
ext-1:Must have either extensions or value[x], not both {extension.exists() != value.exists()}","n/a"
"Extension.extension:publicationForm.extension:pageCount.url","Extension.extension.extension.url","","","",1,1,"","","","uri {[]} {[]}
","identifies the meaning of the extension","Source of the definition for the extension code - a logical name or a URL.","The definition may point directly to a computable or human-readable definition of the extensibility codes, or it may be a logical URI as declared in some other specification. The definition SHALL be a URI for the Structure Definition defining the extension.","","","","<valueUri xmlns=""http://hl7.org/fhir"" value=""pageCount""/>","","","","",,,,,"",,,,"Extension.url",1,1,"","","N/A"
"Extension.extension:publicationForm.extension:pageCount.value[x]","Extension.extension.extension.value[x]","","","",0,1,"","","","string {[]} {[]}
","Number of pages or screens","Actual or approximate number of pages or screens. Distinct from reporting the page numbers.","","","","","","","","","",,,,,"",,,,"Extension.value[x]",0,1,"","ele-1:All FHIR elements must have a @value or children {hasValue() or (children().count() > id.count())}
","N/A"
"Extension.extension:publicationForm.extension:copyright","Extension.extension.extension","copyright","","",0,1,"","","","Extension {[]} {[]}
","R5: Copyright notice for the full article or artifact (new)","R5: `Citation.citedArtifact.publicationForm.copyright` (new:markdown)","Element `Citation.citedArtifact.publicationForm.copyright` is part of an existing definition because parent element `Citation.citedArtifact.publicationForm` requires a cross-version extension.
Element `Citation.citedArtifact.publicationForm.copyright` is not mapped to FHIR R4, since FHIR R5 `Citation` is not mapped.
Element `Citation.citedArtifact.publicationForm.copyright` has no mapping targets in FHIR R4. Typically, this is because the element has been added (is a new element).
It is possible that different publication forms have different copyright notices.","Element `Citation.citedArtifact.publicationForm.copyright` is part of an existing definition because parent element `Citation.citedArtifact.publicationForm` requires a cross-version extension.
Element `Citation.citedArtifact.publicationForm.copyright` is not mapped to FHIR R4, since FHIR R5 `Citation` is not mapped.
Element `Citation.citedArtifact.publicationForm.copyright` has no mapping targets in FHIR R4. Typically, this is because the element has been added (is a new element).","","","","","","","",,,,,"",,,,"Element.extension",0,*,"","ele-1:All FHIR elements must have a @value or children {hasValue() or (children().count() > id.count())}
ext-1:Must have either extensions or value[x], not both {extension.exists() != value.exists()}"
"Extension.extension:publicationForm.extension:copyright.id","Extension.extension.extension.id","","","",0,1,"","","","string {[]} {[]}
","Unique id for inter-element referencing","Unique id for the element within a resource (for internal references). This may be any string value that does not contain spaces.","","","","","","","","","",,,,,"",,,,"Element.id",0,1,"","","n/a"
"Extension.extension:publicationForm.extension:copyright.extension","Extension.extension.extension.extension","","extensions
user content","",0,*,"","","","Extension {[]} {[]}
","Additional content defined by implementations","May be used to represent additional information that is not part of the basic definition of the element. To make the use of extensions safe and manageable, there is a strict set of governance  applied to the definition and use of extensions. Though any implementer can define an extension, there is a set of requirements that SHALL be met as part of the definition of the extension.","There can be no stigma associated with the use of extensions by any application, project, or standard - regardless of the institution or jurisdiction that uses or defines the extensions.  The use of extensions is what allows the FHIR specification to retain a core level of simplicity for everyone.","","","","","","","","",,,,,"","value:url}
","Extensions are always sliced by (at least) url",,"open","Element.extension",0,*,"","ele-1:All FHIR elements must have a @value or children {hasValue() or (children().count() > id.count())}
ext-1:Must have either extensions or value[x], not both {extension.exists() != value.exists()}","n/a"
"Extension.extension:publicationForm.extension:copyright.url","Extension.extension.extension.url","","","",1,1,"","","","uri {[]} {[]}
","identifies the meaning of the extension","Source of the definition for the extension code - a logical name or a URL.","The definition may point directly to a computable or human-readable definition of the extensibility codes, or it may be a logical URI as declared in some other specification. The definition SHALL be a URI for the Structure Definition defining the extension.","","","","<valueUri xmlns=""http://hl7.org/fhir"" value=""copyright""/>","","","","",,,,,"",,,,"Extension.url",1,1,"","","N/A"
"Extension.extension:publicationForm.extension:copyright.value[x]","Extension.extension.extension.value[x]","","","",0,1,"","","","markdown {[]} {[]}
","Copyright notice for the full article or artifact","Copyright notice for the full article or artifact.","It is possible that different publication forms have different copyright notices.","","","","","","","","",,,,,"",,,,"Extension.value[x]",0,1,"","ele-1:All FHIR elements must have a @value or children {hasValue() or (children().count() > id.count())}
","N/A"
"Extension.extension:publicationForm.url","Extension.extension.url","","","",1,1,"","","","uri {[]} {[]}
","identifies the meaning of the extension","Source of the definition for the extension code - a logical name or a URL.","The definition may point directly to a computable or human-readable definition of the extensibility codes, or it may be a logical URI as declared in some other specification. The definition SHALL be a URI for the Structure Definition defining the extension.","","","","<valueUri xmlns=""http://hl7.org/fhir"" value=""publicationForm""/>","","","","",,,,,"",,,,"Extension.url",1,1,"","","N/A"
"Extension.extension:publicationForm.value[x]","Extension.extension.value[x]","","","",0,0,"","","","base64Binary {[]} {[]}
boolean {[]} {[]}canonical {[]} {[]}code {[]} {[]}date {[]} {[]}dateTime {[]} {[]}decimal {[]} {[]}id {[]} {[]}instant {[]} {[]}integer {[]} {[]}markdown {[]} {[]}oid {[]} {[]}positiveInt {[]} {[]}string {[]} {[]}time {[]} {[]}unsignedInt {[]} {[]}uri {[]} {[]}url {[]} {[]}uuid {[]} {[]}Address {[]} {[]}Age {[]} {[]}Annotation {[]} {[]}Attachment {[]} {[]}CodeableConcept {[]} {[]}Coding {[]} {[]}ContactPoint {[]} {[]}Count {[]} {[]}Distance {[]} {[]}Duration {[]} {[]}HumanName {[]} {[]}Identifier {[]} {[]}Money {[]} {[]}Period {[]} {[]}Quantity {[]} {[]}Range {[]} {[]}Ratio {[]} {[]}Reference {[]} {[]}SampledData {[]} {[]}Signature {[]} {[]}Timing {[]} {[]}ContactDetail {[]} {[]}Contributor {[]} {[]}DataRequirement {[]} {[]}Expression {[]} {[]}ParameterDefinition {[]} {[]}RelatedArtifact {[]} {[]}TriggerDefinition {[]} {[]}UsageContext {[]} {[]}Dosage {[]} {[]}Meta {[]} {[]}","Value of extension","Value of extension - must be one of a constrained set of the data types (see [Extensibility](http://hl7.org/fhir/R4/extensibility.html) for a list).","","","","","","","","","",,,,,"",,,,"Extension.value[x]",0,1,"","ele-1:All FHIR elements must have a @value or children {hasValue() or (children().count() > id.count())}
","N/A"
"Extension.extension:webLocation","Extension.extension","webLocation","","",0,*,"","","","Extension {[]} {[]}
","R5: Used for any URL for the article or artifact cited (new)","R5: `Citation.citedArtifact.webLocation` (new:BackboneElement)","Element `Citation.citedArtifact.webLocation` is part of an existing definition because parent element `Citation.citedArtifact` requires a cross-version extension.
Element `Citation.citedArtifact.webLocation` is not mapped to FHIR R4, since FHIR R5 `Citation` is not mapped.
Element `Citation.citedArtifact.webLocation` has no mapping targets in FHIR R4. Typically, this is because the element has been added (is a new element).","Element `Citation.citedArtifact.webLocation` is part of an existing definition because parent element `Citation.citedArtifact` requires a cross-version extension.
Element `Citation.citedArtifact.webLocation` is not mapped to FHIR R4, since FHIR R5 `Citation` is not mapped.
Element `Citation.citedArtifact.webLocation` has no mapping targets in FHIR R4. Typically, this is because the element has been added (is a new element).","","","","","","","",,,,,"",,,,"Element.extension",0,*,"","ele-1:All FHIR elements must have a @value or children {hasValue() or (children().count() > id.count())}
ext-1:Must have either extensions or value[x], not both {extension.exists() != value.exists()}"
"Extension.extension:webLocation.id","Extension.extension.id","","","",0,1,"","","","string {[]} {[]}
","Unique id for inter-element referencing","Unique id for the element within a resource (for internal references). This may be any string value that does not contain spaces.","","","","","","","","","",,,,,"",,,,"Element.id",0,1,"","","n/a"
"Extension.extension:webLocation.extension","Extension.extension.extension","","","",0,*,"","","","Extension {[]} {[]}
","Extension","An Extension","","","","","","","","","",,,,,"","value:url}
","Extensions are always sliced by (at least) url",,"open","Element.extension",0,*,"","ele-1:All FHIR elements must have a @value or children {hasValue() or (children().count() > id.count())}
ext-1:Must have either extensions or value[x], not both {extension.exists() != value.exists()}"
"Extension.extension:webLocation.extension:classifier","Extension.extension.extension","classifier","","",0,*,"","","","Extension {[]} {[]}
","R5: Code the reason for different URLs, e.g. abstract and full-text (new)","R5: `Citation.citedArtifact.webLocation.classifier` (new:CodeableConcept)","Element `Citation.citedArtifact.webLocation.classifier` is part of an existing definition because parent element `Citation.citedArtifact.webLocation` requires a cross-version extension.
Element `Citation.citedArtifact.webLocation.classifier` is not mapped to FHIR R4, since FHIR R5 `Citation` is not mapped.
Element `Citation.citedArtifact.webLocation.classifier` has no mapping targets in FHIR R4. Typically, this is because the element has been added (is a new element).
Categories that may be frequently used for study citations may include abstract, full-text, supplement, webpage, and doi-based.","Element `Citation.citedArtifact.webLocation.classifier` is part of an existing definition because parent element `Citation.citedArtifact.webLocation` requires a cross-version extension.
Element `Citation.citedArtifact.webLocation.classifier` is not mapped to FHIR R4, since FHIR R5 `Citation` is not mapped.
Element `Citation.citedArtifact.webLocation.classifier` has no mapping targets in FHIR R4. Typically, this is because the element has been added (is a new element).","","","","","","","",,,,,"",,,,"Element.extension",0,*,"","ele-1:All FHIR elements must have a @value or children {hasValue() or (children().count() > id.count())}
ext-1:Must have either extensions or value[x], not both {extension.exists() != value.exists()}"
"Extension.extension:webLocation.extension:classifier.id","Extension.extension.extension.id","","","",0,1,"","","","string {[]} {[]}
","Unique id for inter-element referencing","Unique id for the element within a resource (for internal references). This may be any string value that does not contain spaces.","","","","","","","","","",,,,,"",,,,"Element.id",0,1,"","","n/a"
"Extension.extension:webLocation.extension:classifier.extension","Extension.extension.extension.extension","","extensions
user content","",0,*,"","","","Extension {[]} {[]}
","Additional content defined by implementations","May be used to represent additional information that is not part of the basic definition of the element. To make the use of extensions safe and manageable, there is a strict set of governance  applied to the definition and use of extensions. Though any implementer can define an extension, there is a set of requirements that SHALL be met as part of the definition of the extension.","There can be no stigma associated with the use of extensions by any application, project, or standard - regardless of the institution or jurisdiction that uses or defines the extensions.  The use of extensions is what allows the FHIR specification to retain a core level of simplicity for everyone.","","","","","","","","",,,,,"","value:url}
","Extensions are always sliced by (at least) url",,"open","Element.extension",0,*,"","ele-1:All FHIR elements must have a @value or children {hasValue() or (children().count() > id.count())}
ext-1:Must have either extensions or value[x], not both {extension.exists() != value.exists()}","n/a"
"Extension.extension:webLocation.extension:classifier.url","Extension.extension.extension.url","","","",1,1,"","","","uri {[]} {[]}
","identifies the meaning of the extension","Source of the definition for the extension code - a logical name or a URL.","The definition may point directly to a computable or human-readable definition of the extensibility codes, or it may be a logical URI as declared in some other specification. The definition SHALL be a URI for the Structure Definition defining the extension.","","","","<valueUri xmlns=""http://hl7.org/fhir"" value=""classifier""/>","","","","",,,,,"",,,,"Extension.url",1,1,"","","N/A"
"Extension.extension:webLocation.extension:classifier.value[x]","Extension.extension.extension.value[x]","","","",0,1,"","","","CodeableConcept {[]} {[]}
","Code the reason for different URLs, e.g. abstract and full-text","A characterization of the object expected at the web location.","Categories that may be frequently used for study citations may include abstract, full-text, supplement, webpage, and doi-based.","","","","","","","","",,"extensible","","http://hl7.org/fhir/uv/xver/ValueSet/R5-artifact-url-classifier-for-R4|0.1.0","",,,,"Extension.value[x]",0,1,"","ele-1:All FHIR elements must have a @value or children {hasValue() or (children().count() > id.count())}
","N/A"
"Extension.extension:webLocation.extension:url","Extension.extension.extension","url","","",0,1,"","","","Extension {[]} {[]}
","R5: The specific URL (new)","R5: `Citation.citedArtifact.webLocation.url` (new:uri)","Element `Citation.citedArtifact.webLocation.url` is part of an existing definition because parent element `Citation.citedArtifact.webLocation` requires a cross-version extension.
Element `Citation.citedArtifact.webLocation.url` is not mapped to FHIR R4, since FHIR R5 `Citation` is not mapped.
Element `Citation.citedArtifact.webLocation.url` has no mapping targets in FHIR R4. Typically, this is because the element has been added (is a new element).
Persistent URLs, like doi, are preferred.","Element `Citation.citedArtifact.webLocation.url` is part of an existing definition because parent element `Citation.citedArtifact.webLocation` requires a cross-version extension.
Element `Citation.citedArtifact.webLocation.url` is not mapped to FHIR R4, since FHIR R5 `Citation` is not mapped.
Element `Citation.citedArtifact.webLocation.url` has no mapping targets in FHIR R4. Typically, this is because the element has been added (is a new element).","","","","","","","",,,,,"",,,,"Element.extension",0,*,"","ele-1:All FHIR elements must have a @value or children {hasValue() or (children().count() > id.count())}
ext-1:Must have either extensions or value[x], not both {extension.exists() != value.exists()}"
"Extension.extension:webLocation.extension:url.id","Extension.extension.extension.id","","","",0,1,"","","","string {[]} {[]}
","Unique id for inter-element referencing","Unique id for the element within a resource (for internal references). This may be any string value that does not contain spaces.","","","","","","","","","",,,,,"",,,,"Element.id",0,1,"","","n/a"
"Extension.extension:webLocation.extension:url.extension","Extension.extension.extension.extension","","extensions
user content","",0,*,"","","","Extension {[]} {[]}
","Additional content defined by implementations","May be used to represent additional information that is not part of the basic definition of the element. To make the use of extensions safe and manageable, there is a strict set of governance  applied to the definition and use of extensions. Though any implementer can define an extension, there is a set of requirements that SHALL be met as part of the definition of the extension.","There can be no stigma associated with the use of extensions by any application, project, or standard - regardless of the institution or jurisdiction that uses or defines the extensions.  The use of extensions is what allows the FHIR specification to retain a core level of simplicity for everyone.","","","","","","","","",,,,,"","value:url}
","Extensions are always sliced by (at least) url",,"open","Element.extension",0,*,"","ele-1:All FHIR elements must have a @value or children {hasValue() or (children().count() > id.count())}
ext-1:Must have either extensions or value[x], not both {extension.exists() != value.exists()}","n/a"
"Extension.extension:webLocation.extension:url.url","Extension.extension.extension.url","","","",1,1,"","","","uri {[]} {[]}
","identifies the meaning of the extension","Source of the definition for the extension code - a logical name or a URL.","The definition may point directly to a computable or human-readable definition of the extensibility codes, or it may be a logical URI as declared in some other specification. The definition SHALL be a URI for the Structure Definition defining the extension.","","","","<valueUri xmlns=""http://hl7.org/fhir"" value=""url""/>","","","","",,,,,"",,,,"Extension.url",1,1,"","","N/A"
"Extension.extension:webLocation.extension:url.value[x]","Extension.extension.extension.value[x]","","","",0,1,"","","","uri {[]} {[]}
","The specific URL","The specific URL.","Persistent URLs, like doi, are preferred.","","","","","","","","",,,,,"",,,,"Extension.value[x]",0,1,"","ele-1:All FHIR elements must have a @value or children {hasValue() or (children().count() > id.count())}
","N/A"
"Extension.extension:webLocation.url","Extension.extension.url","","","",1,1,"","","","uri {[]} {[]}
","identifies the meaning of the extension","Source of the definition for the extension code - a logical name or a URL.","The definition may point directly to a computable or human-readable definition of the extensibility codes, or it may be a logical URI as declared in some other specification. The definition SHALL be a URI for the Structure Definition defining the extension.","","","","<valueUri xmlns=""http://hl7.org/fhir"" value=""webLocation""/>","","","","",,,,,"",,,,"Extension.url",1,1,"","","N/A"
"Extension.extension:webLocation.value[x]","Extension.extension.value[x]","","","",0,0,"","","","base64Binary {[]} {[]}
boolean {[]} {[]}canonical {[]} {[]}code {[]} {[]}date {[]} {[]}dateTime {[]} {[]}decimal {[]} {[]}id {[]} {[]}instant {[]} {[]}integer {[]} {[]}markdown {[]} {[]}oid {[]} {[]}positiveInt {[]} {[]}string {[]} {[]}time {[]} {[]}unsignedInt {[]} {[]}uri {[]} {[]}url {[]} {[]}uuid {[]} {[]}Address {[]} {[]}Age {[]} {[]}Annotation {[]} {[]}Attachment {[]} {[]}CodeableConcept {[]} {[]}Coding {[]} {[]}ContactPoint {[]} {[]}Count {[]} {[]}Distance {[]} {[]}Duration {[]} {[]}HumanName {[]} {[]}Identifier {[]} {[]}Money {[]} {[]}Period {[]} {[]}Quantity {[]} {[]}Range {[]} {[]}Ratio {[]} {[]}Reference {[]} {[]}SampledData {[]} {[]}Signature {[]} {[]}Timing {[]} {[]}ContactDetail {[]} {[]}Contributor {[]} {[]}DataRequirement {[]} {[]}Expression {[]} {[]}ParameterDefinition {[]} {[]}RelatedArtifact {[]} {[]}TriggerDefinition {[]} {[]}UsageContext {[]} {[]}Dosage {[]} {[]}Meta {[]} {[]}","Value of extension","Value of extension - must be one of a constrained set of the data types (see [Extensibility](http://hl7.org/fhir/R4/extensibility.html) for a list).","","","","","","","","","",,,,,"",,,,"Extension.value[x]",0,1,"","ele-1:All FHIR elements must have a @value or children {hasValue() or (children().count() > id.count())}
","N/A"
"Extension.extension:classification","Extension.extension","classification","","",0,*,"","","","Extension {[]} {[]}
","R5: The assignment to an organizing scheme (new)","R5: `Citation.citedArtifact.classification` (new:BackboneElement)","Element `Citation.citedArtifact.classification` is part of an existing definition because parent element `Citation.citedArtifact` requires a cross-version extension.
Element `Citation.citedArtifact.classification` is not mapped to FHIR R4, since FHIR R5 `Citation` is not mapped.
Element `Citation.citedArtifact.classification` has no mapping targets in FHIR R4. Typically, this is because the element has been added (is a new element).","Element `Citation.citedArtifact.classification` is part of an existing definition because parent element `Citation.citedArtifact` requires a cross-version extension.
Element `Citation.citedArtifact.classification` is not mapped to FHIR R4, since FHIR R5 `Citation` is not mapped.
Element `Citation.citedArtifact.classification` has no mapping targets in FHIR R4. Typically, this is because the element has been added (is a new element).","","","","","","","",,,,,"",,,,"Element.extension",0,*,"","ele-1:All FHIR elements must have a @value or children {hasValue() or (children().count() > id.count())}
ext-1:Must have either extensions or value[x], not both {extension.exists() != value.exists()}"
"Extension.extension:classification.id","Extension.extension.id","","","",0,1,"","","","string {[]} {[]}
","Unique id for inter-element referencing","Unique id for the element within a resource (for internal references). This may be any string value that does not contain spaces.","","","","","","","","","",,,,,"",,,,"Element.id",0,1,"","","n/a"
"Extension.extension:classification.extension","Extension.extension.extension","","","",0,*,"","","","Extension {[]} {[]}
","Extension","An Extension","","","","","","","","","",,,,,"","value:url}
","Extensions are always sliced by (at least) url",,"open","Element.extension",0,*,"","ele-1:All FHIR elements must have a @value or children {hasValue() or (children().count() > id.count())}
ext-1:Must have either extensions or value[x], not both {extension.exists() != value.exists()}"
"Extension.extension:classification.extension:type","Extension.extension.extension","type","","",0,1,"","","","Extension {[]} {[]}
","R5: The kind of classifier (e.g. publication type, keyword) (new)","R5: `Citation.citedArtifact.classification.type` (new:CodeableConcept)","Element `Citation.citedArtifact.classification.type` is part of an existing definition because parent element `Citation.citedArtifact.classification` requires a cross-version extension.
Element `Citation.citedArtifact.classification.type` is not mapped to FHIR R4, since FHIR R5 `Citation` is not mapped.
Element `Citation.citedArtifact.classification.type` has no mapping targets in FHIR R4. Typically, this is because the element has been added (is a new element).","Element `Citation.citedArtifact.classification.type` is part of an existing definition because parent element `Citation.citedArtifact.classification` requires a cross-version extension.
Element `Citation.citedArtifact.classification.type` is not mapped to FHIR R4, since FHIR R5 `Citation` is not mapped.
Element `Citation.citedArtifact.classification.type` has no mapping targets in FHIR R4. Typically, this is because the element has been added (is a new element).","","","","","","","",,,,,"",,,,"Element.extension",0,*,"","ele-1:All FHIR elements must have a @value or children {hasValue() or (children().count() > id.count())}
ext-1:Must have either extensions or value[x], not both {extension.exists() != value.exists()}"
"Extension.extension:classification.extension:type.id","Extension.extension.extension.id","","","",0,1,"","","","string {[]} {[]}
","Unique id for inter-element referencing","Unique id for the element within a resource (for internal references). This may be any string value that does not contain spaces.","","","","","","","","","",,,,,"",,,,"Element.id",0,1,"","","n/a"
"Extension.extension:classification.extension:type.extension","Extension.extension.extension.extension","","extensions
user content","",0,*,"","","","Extension {[]} {[]}
","Additional content defined by implementations","May be used to represent additional information that is not part of the basic definition of the element. To make the use of extensions safe and manageable, there is a strict set of governance  applied to the definition and use of extensions. Though any implementer can define an extension, there is a set of requirements that SHALL be met as part of the definition of the extension.","There can be no stigma associated with the use of extensions by any application, project, or standard - regardless of the institution or jurisdiction that uses or defines the extensions.  The use of extensions is what allows the FHIR specification to retain a core level of simplicity for everyone.","","","","","","","","",,,,,"","value:url}
","Extensions are always sliced by (at least) url",,"open","Element.extension",0,*,"","ele-1:All FHIR elements must have a @value or children {hasValue() or (children().count() > id.count())}
ext-1:Must have either extensions or value[x], not both {extension.exists() != value.exists()}","n/a"
"Extension.extension:classification.extension:type.url","Extension.extension.extension.url","","","",1,1,"","","","uri {[]} {[]}
","identifies the meaning of the extension","Source of the definition for the extension code - a logical name or a URL.","The definition may point directly to a computable or human-readable definition of the extensibility codes, or it may be a logical URI as declared in some other specification. The definition SHALL be a URI for the Structure Definition defining the extension.","","","","<valueUri xmlns=""http://hl7.org/fhir"" value=""type""/>","","","","",,,,,"",,,,"Extension.url",1,1,"","","N/A"
"Extension.extension:classification.extension:type.value[x]","Extension.extension.extension.value[x]","","","",0,1,"","","","CodeableConcept {[]} {[]}
","The kind of classifier (e.g. publication type, keyword)","The kind of classifier (e.g. publication type, keyword).","","","","","","","","","",,"extensible","","http://hl7.org/fhir/uv/xver/ValueSet/R5-cited-artifact-classification-type-for-R4|0.1.0","",,,,"Extension.value[x]",0,1,"","ele-1:All FHIR elements must have a @value or children {hasValue() or (children().count() > id.count())}
","N/A"
"Extension.extension:classification.extension:classifier","Extension.extension.extension","classifier","","",0,*,"","","","Extension {[]} {[]}
","R5: The specific classification value (new)","R5: `Citation.citedArtifact.classification.classifier` (new:CodeableConcept)","Element `Citation.citedArtifact.classification.classifier` is part of an existing definition because parent element `Citation.citedArtifact.classification` requires a cross-version extension.
Element `Citation.citedArtifact.classification.classifier` is not mapped to FHIR R4, since FHIR R5 `Citation` is not mapped.
Element `Citation.citedArtifact.classification.classifier` has no mapping targets in FHIR R4. Typically, this is because the element has been added (is a new element).","Element `Citation.citedArtifact.classification.classifier` is part of an existing definition because parent element `Citation.citedArtifact.classification` requires a cross-version extension.
Element `Citation.citedArtifact.classification.classifier` is not mapped to FHIR R4, since FHIR R5 `Citation` is not mapped.
Element `Citation.citedArtifact.classification.classifier` has no mapping targets in FHIR R4. Typically, this is because the element has been added (is a new element).","","","","","","","",,,,,"",,,,"Element.extension",0,*,"","ele-1:All FHIR elements must have a @value or children {hasValue() or (children().count() > id.count())}
ext-1:Must have either extensions or value[x], not both {extension.exists() != value.exists()}"
"Extension.extension:classification.extension:classifier.id","Extension.extension.extension.id","","","",0,1,"","","","string {[]} {[]}
","Unique id for inter-element referencing","Unique id for the element within a resource (for internal references). This may be any string value that does not contain spaces.","","","","","","","","","",,,,,"",,,,"Element.id",0,1,"","","n/a"
"Extension.extension:classification.extension:classifier.extension","Extension.extension.extension.extension","","extensions
user content","",0,*,"","","","Extension {[]} {[]}
","Additional content defined by implementations","May be used to represent additional information that is not part of the basic definition of the element. To make the use of extensions safe and manageable, there is a strict set of governance  applied to the definition and use of extensions. Though any implementer can define an extension, there is a set of requirements that SHALL be met as part of the definition of the extension.","There can be no stigma associated with the use of extensions by any application, project, or standard - regardless of the institution or jurisdiction that uses or defines the extensions.  The use of extensions is what allows the FHIR specification to retain a core level of simplicity for everyone.","","","","","","","","",,,,,"","value:url}
","Extensions are always sliced by (at least) url",,"open","Element.extension",0,*,"","ele-1:All FHIR elements must have a @value or children {hasValue() or (children().count() > id.count())}
ext-1:Must have either extensions or value[x], not both {extension.exists() != value.exists()}","n/a"
"Extension.extension:classification.extension:classifier.url","Extension.extension.extension.url","","","",1,1,"","","","uri {[]} {[]}
","identifies the meaning of the extension","Source of the definition for the extension code - a logical name or a URL.","The definition may point directly to a computable or human-readable definition of the extensibility codes, or it may be a logical URI as declared in some other specification. The definition SHALL be a URI for the Structure Definition defining the extension.","","","","<valueUri xmlns=""http://hl7.org/fhir"" value=""classifier""/>","","","","",,,,,"",,,,"Extension.url",1,1,"","","N/A"
"Extension.extension:classification.extension:classifier.value[x]","Extension.extension.extension.value[x]","","","",0,1,"","","","CodeableConcept {[]} {[]}
","The specific classification value","The specific classification value.","","","","","","","","","",,"example","","http://hl7.org/fhir/uv/xver/ValueSet/R5-citation-artifact-classifier-for-R4|0.1.0","",,,,"Extension.value[x]",0,1,"","ele-1:All FHIR elements must have a @value or children {hasValue() or (children().count() > id.count())}
","N/A"
"Extension.extension:classification.extension:artifactAssessment","Extension.extension.extension","artifactAssessment","","",0,*,"","","","Extension {[]} {[]}
","R5: Complex or externally created classification (new)","R5: `Citation.citedArtifact.classification.artifactAssessment` (new:Reference(ArtifactAssessment))","Element `Citation.citedArtifact.classification.artifactAssessment` is part of an existing definition because parent element `Citation.citedArtifact.classification` requires a cross-version extension.
Element `Citation.citedArtifact.classification.artifactAssessment` is not mapped to FHIR R4, since FHIR R5 `Citation` is not mapped.
Element `Citation.citedArtifact.classification.artifactAssessment` has no mapping targets in FHIR R4. Typically, this is because the element has been added (is a new element).
Examples relevant to study citations include MeSH Headings or Keywords that contain qualifier codings or sub-classifications, and include risk of bias assessments created by persons different from the creator of the citation record.","Element `Citation.citedArtifact.classification.artifactAssessment` is part of an existing definition because parent element `Citation.citedArtifact.classification` requires a cross-version extension.
Element `Citation.citedArtifact.classification.artifactAssessment` is not mapped to FHIR R4, since FHIR R5 `Citation` is not mapped.
Element `Citation.citedArtifact.classification.artifactAssessment` has no mapping targets in FHIR R4. Typically, this is because the element has been added (is a new element).","","","","","","","",,,,,"",,,,"Element.extension",0,*,"","ele-1:All FHIR elements must have a @value or children {hasValue() or (children().count() > id.count())}
ext-1:Must have either extensions or value[x], not both {extension.exists() != value.exists()}"
"Extension.extension:classification.extension:artifactAssessment.id","Extension.extension.extension.id","","","",0,1,"","","","string {[]} {[]}
","Unique id for inter-element referencing","Unique id for the element within a resource (for internal references). This may be any string value that does not contain spaces.","","","","","","","","","",,,,,"",,,,"Element.id",0,1,"","","n/a"
"Extension.extension:classification.extension:artifactAssessment.extension","Extension.extension.extension.extension","","extensions
user content","",0,*,"","","","Extension {[]} {[]}
","Additional content defined by implementations","May be used to represent additional information that is not part of the basic definition of the element. To make the use of extensions safe and manageable, there is a strict set of governance  applied to the definition and use of extensions. Though any implementer can define an extension, there is a set of requirements that SHALL be met as part of the definition of the extension.","There can be no stigma associated with the use of extensions by any application, project, or standard - regardless of the institution or jurisdiction that uses or defines the extensions.  The use of extensions is what allows the FHIR specification to retain a core level of simplicity for everyone.","","","","","","","","",,,,,"","value:url}
","Extensions are always sliced by (at least) url",,"open","Element.extension",0,*,"","ele-1:All FHIR elements must have a @value or children {hasValue() or (children().count() > id.count())}
ext-1:Must have either extensions or value[x], not both {extension.exists() != value.exists()}","n/a"
"Extension.extension:classification.extension:artifactAssessment.url","Extension.extension.extension.url","","","",1,1,"","","","uri {[]} {[]}
","identifies the meaning of the extension","Source of the definition for the extension code - a logical name or a URL.","The definition may point directly to a computable or human-readable definition of the extensibility codes, or it may be a logical URI as declared in some other specification. The definition SHALL be a URI for the Structure Definition defining the extension.","","","","<valueUri xmlns=""http://hl7.org/fhir"" value=""artifactAssessment""/>","","","","",,,,,"",,,,"Extension.url",1,1,"","","N/A"
"Extension.extension:classification.extension:artifactAssessment.value[x]","Extension.extension.extension.value[x]","","","",0,1,"","","","Reference {[]} {[CanonicalType[http://hl7.org/fhir/5.0/StructureDefinition/profile-ArtifactAssessment|0.1.0], CanonicalType[http://hl7.org/fhir/StructureDefinition/Basic|4.0.1]]}
","Complex or externally created classification","Complex or externally created classification.","Examples relevant to study citations include MeSH Headings or Keywords that contain qualifier codings or sub-classifications, and include risk of bias assessments created by persons different from the creator of the citation record.","","","","","","","","",,,,,"",,,,"Extension.value[x]",0,1,"","ele-1:All FHIR elements must have a @value or children {hasValue() or (children().count() > id.count())}
","N/A"
"Extension.extension:classification.url","Extension.extension.url","","","",1,1,"","","","uri {[]} {[]}
","identifies the meaning of the extension","Source of the definition for the extension code - a logical name or a URL.","The definition may point directly to a computable or human-readable definition of the extensibility codes, or it may be a logical URI as declared in some other specification. The definition SHALL be a URI for the Structure Definition defining the extension.","","","","<valueUri xmlns=""http://hl7.org/fhir"" value=""classification""/>","","","","",,,,,"",,,,"Extension.url",1,1,"","","N/A"
"Extension.extension:classification.value[x]","Extension.extension.value[x]","","","",0,0,"","","","base64Binary {[]} {[]}
boolean {[]} {[]}canonical {[]} {[]}code {[]} {[]}date {[]} {[]}dateTime {[]} {[]}decimal {[]} {[]}id {[]} {[]}instant {[]} {[]}integer {[]} {[]}markdown {[]} {[]}oid {[]} {[]}positiveInt {[]} {[]}string {[]} {[]}time {[]} {[]}unsignedInt {[]} {[]}uri {[]} {[]}url {[]} {[]}uuid {[]} {[]}Address {[]} {[]}Age {[]} {[]}Annotation {[]} {[]}Attachment {[]} {[]}CodeableConcept {[]} {[]}Coding {[]} {[]}ContactPoint {[]} {[]}Count {[]} {[]}Distance {[]} {[]}Duration {[]} {[]}HumanName {[]} {[]}Identifier {[]} {[]}Money {[]} {[]}Period {[]} {[]}Quantity {[]} {[]}Range {[]} {[]}Ratio {[]} {[]}Reference {[]} {[]}SampledData {[]} {[]}Signature {[]} {[]}Timing {[]} {[]}ContactDetail {[]} {[]}Contributor {[]} {[]}DataRequirement {[]} {[]}Expression {[]} {[]}ParameterDefinition {[]} {[]}RelatedArtifact {[]} {[]}TriggerDefinition {[]} {[]}UsageContext {[]} {[]}Dosage {[]} {[]}Meta {[]} {[]}","Value of extension","Value of extension - must be one of a constrained set of the data types (see [Extensibility](http://hl7.org/fhir/R4/extensibility.html) for a list).","","","","","","","","","",,,,,"",,,,"Extension.value[x]",0,1,"","ele-1:All FHIR elements must have a @value or children {hasValue() or (children().count() > id.count())}
","N/A"
"Extension.extension:contributorship","Extension.extension","contributorship","","",0,1,"","","","Extension {[]} {[]}
","R5: Attribution of authors and other contributors (new)","R5: `Citation.citedArtifact.contributorship` (new:BackboneElement)","Element `Citation.citedArtifact.contributorship` is part of an existing definition because parent element `Citation.citedArtifact` requires a cross-version extension.
Element `Citation.citedArtifact.contributorship` is not mapped to FHIR R4, since FHIR R5 `Citation` is not mapped.
Element `Citation.citedArtifact.contributorship` has no mapping targets in FHIR R4. Typically, this is because the element has been added (is a new element).","Need to support individualized and collective attribution of authorship and contributorship to people and groups. Element `Citation.citedArtifact.contributorship` is part of an existing definition because parent element `Citation.citedArtifact` requires a cross-version extension.
Element `Citation.citedArtifact.contributorship` is not mapped to FHIR R4, since FHIR R5 `Citation` is not mapped.
Element `Citation.citedArtifact.contributorship` has no mapping targets in FHIR R4. Typically, this is because the element has been added (is a new element).","","","","","","","",,,,,"",,,,"Element.extension",0,*,"","ele-1:All FHIR elements must have a @value or children {hasValue() or (children().count() > id.count())}
ext-1:Must have either extensions or value[x], not both {extension.exists() != value.exists()}"
"Extension.extension:contributorship.id","Extension.extension.id","","","",0,1,"","","","string {[]} {[]}
","Unique id for inter-element referencing","Unique id for the element within a resource (for internal references). This may be any string value that does not contain spaces.","","","","","","","","","",,,,,"",,,,"Element.id",0,1,"","","n/a"
"Extension.extension:contributorship.extension","Extension.extension.extension","","","",0,*,"","","","Extension {[]} {[]}
","Extension","An Extension","","","","","","","","","",,,,,"","value:url}
","Extensions are always sliced by (at least) url",,"open","Element.extension",0,*,"","ele-1:All FHIR elements must have a @value or children {hasValue() or (children().count() > id.count())}
ext-1:Must have either extensions or value[x], not both {extension.exists() != value.exists()}"
"Extension.extension:contributorship.extension:complete","Extension.extension.extension","complete","","",0,1,"","","","Extension {[]} {[]}
","R5: Indicates if the list includes all authors and/or contributors (new)","R5: `Citation.citedArtifact.contributorship.complete` (new:boolean)","Element `Citation.citedArtifact.contributorship.complete` is part of an existing definition because parent element `Citation.citedArtifact.contributorship` requires a cross-version extension.
Element `Citation.citedArtifact.contributorship.complete` is not mapped to FHIR R4, since FHIR R5 `Citation` is not mapped.
Element `Citation.citedArtifact.contributorship.complete` has no mapping targets in FHIR R4. Typically, this is because the element has been added (is a new element).
If list is incomplete, ""et al"" can be appended to Contributorship.summary.value for display purposes.","Element `Citation.citedArtifact.contributorship.complete` is part of an existing definition because parent element `Citation.citedArtifact.contributorship` requires a cross-version extension.
Element `Citation.citedArtifact.contributorship.complete` is not mapped to FHIR R4, since FHIR R5 `Citation` is not mapped.
Element `Citation.citedArtifact.contributorship.complete` has no mapping targets in FHIR R4. Typically, this is because the element has been added (is a new element).","","","","","","","",,,,,"",,,,"Element.extension",0,*,"","ele-1:All FHIR elements must have a @value or children {hasValue() or (children().count() > id.count())}
ext-1:Must have either extensions or value[x], not both {extension.exists() != value.exists()}"
"Extension.extension:contributorship.extension:complete.id","Extension.extension.extension.id","","","",0,1,"","","","string {[]} {[]}
","Unique id for inter-element referencing","Unique id for the element within a resource (for internal references). This may be any string value that does not contain spaces.","","","","","","","","","",,,,,"",,,,"Element.id",0,1,"","","n/a"
"Extension.extension:contributorship.extension:complete.extension","Extension.extension.extension.extension","","extensions
user content","",0,*,"","","","Extension {[]} {[]}
","Additional content defined by implementations","May be used to represent additional information that is not part of the basic definition of the element. To make the use of extensions safe and manageable, there is a strict set of governance  applied to the definition and use of extensions. Though any implementer can define an extension, there is a set of requirements that SHALL be met as part of the definition of the extension.","There can be no stigma associated with the use of extensions by any application, project, or standard - regardless of the institution or jurisdiction that uses or defines the extensions.  The use of extensions is what allows the FHIR specification to retain a core level of simplicity for everyone.","","","","","","","","",,,,,"","value:url}
","Extensions are always sliced by (at least) url",,"open","Element.extension",0,*,"","ele-1:All FHIR elements must have a @value or children {hasValue() or (children().count() > id.count())}
ext-1:Must have either extensions or value[x], not both {extension.exists() != value.exists()}","n/a"
"Extension.extension:contributorship.extension:complete.url","Extension.extension.extension.url","","","",1,1,"","","","uri {[]} {[]}
","identifies the meaning of the extension","Source of the definition for the extension code - a logical name or a URL.","The definition may point directly to a computable or human-readable definition of the extensibility codes, or it may be a logical URI as declared in some other specification. The definition SHALL be a URI for the Structure Definition defining the extension.","","","","<valueUri xmlns=""http://hl7.org/fhir"" value=""complete""/>","","","","",,,,,"",,,,"Extension.url",1,1,"","","N/A"
"Extension.extension:contributorship.extension:complete.value[x]","Extension.extension.extension.value[x]","","","",0,1,"","","","boolean {[]} {[]}
","Indicates if the list includes all authors and/or contributors","Indicates if the list includes all authors and/or contributors.","If list is incomplete, ""et al"" can be appended to Contributorship.summary.value for display purposes.","","","","","","","","",,,,,"",,,,"Extension.value[x]",0,1,"","ele-1:All FHIR elements must have a @value or children {hasValue() or (children().count() > id.count())}
","N/A"
"Extension.extension:contributorship.extension:entry","Extension.extension.extension","entry","","",0,*,"","","","Extension {[]} {[]}
","R5: An individual entity named as a contributor (new)","R5: `Citation.citedArtifact.contributorship.entry` (new:BackboneElement)","Element `Citation.citedArtifact.contributorship.entry` is part of an existing definition because parent element `Citation.citedArtifact.contributorship` requires a cross-version extension.
Element `Citation.citedArtifact.contributorship.entry` is not mapped to FHIR R4, since FHIR R5 `Citation` is not mapped.
Element `Citation.citedArtifact.contributorship.entry` has no mapping targets in FHIR R4. Typically, this is because the element has been added (is a new element).
Used to report contributorship in individualized ways.","Element `Citation.citedArtifact.contributorship.entry` is part of an existing definition because parent element `Citation.citedArtifact.contributorship` requires a cross-version extension.
Element `Citation.citedArtifact.contributorship.entry` is not mapped to FHIR R4, since FHIR R5 `Citation` is not mapped.
Element `Citation.citedArtifact.contributorship.entry` has no mapping targets in FHIR R4. Typically, this is because the element has been added (is a new element).","","","","","","","",,,,,"",,,,"Element.extension",0,*,"","ele-1:All FHIR elements must have a @value or children {hasValue() or (children().count() > id.count())}
ext-1:Must have either extensions or value[x], not both {extension.exists() != value.exists()}"
"Extension.extension:contributorship.extension:entry.id","Extension.extension.extension.id","","","",0,1,"","","","string {[]} {[]}
","Unique id for inter-element referencing","Unique id for the element within a resource (for internal references). This may be any string value that does not contain spaces.","","","","","","","","","",,,,,"",,,,"Element.id",0,1,"","","n/a"
"Extension.extension:contributorship.extension:entry.extension","Extension.extension.extension.extension","","","",1,*,"","","","Extension {[]} {[]}
","Extension","An Extension","","","","","","","","","",,,,,"","value:url}
","Extensions are always sliced by (at least) url",,"open","Element.extension",0,*,"","ele-1:All FHIR elements must have a @value or children {hasValue() or (children().count() > id.count())}
ext-1:Must have either extensions or value[x], not both {extension.exists() != value.exists()}"
"Extension.extension:contributorship.extension:entry.extension:contributor","Extension.extension.extension.extension","contributor","","",1,1,"","","","Extension {[]} {[]}
","R5: The identity of the individual contributor (new)","R5: `Citation.citedArtifact.contributorship.entry.contributor` (new:Reference(Practitioner,Organization))","Element `Citation.citedArtifact.contributorship.entry.contributor` is part of an existing definition because parent element `Citation.citedArtifact.contributorship.entry` requires a cross-version extension.
Element `Citation.citedArtifact.contributorship.entry.contributor` is not mapped to FHIR R4, since FHIR R5 `Citation` is not mapped.
Element `Citation.citedArtifact.contributorship.entry.contributor` has no mapping targets in FHIR R4. Typically, this is because the element has been added (is a new element).
If naming a contributor without additional detail or further structured data, the display element within the Reference datatype may be used for a simple string without referencing another resource.","Element `Citation.citedArtifact.contributorship.entry.contributor` is part of an existing definition because parent element `Citation.citedArtifact.contributorship.entry` requires a cross-version extension.
Element `Citation.citedArtifact.contributorship.entry.contributor` is not mapped to FHIR R4, since FHIR R5 `Citation` is not mapped.
Element `Citation.citedArtifact.contributorship.entry.contributor` has no mapping targets in FHIR R4. Typically, this is because the element has been added (is a new element).","","","","","","","",,,,,"",,,,"Element.extension",0,*,"","ele-1:All FHIR elements must have a @value or children {hasValue() or (children().count() > id.count())}
ext-1:Must have either extensions or value[x], not both {extension.exists() != value.exists()}"
"Extension.extension:contributorship.extension:entry.extension:contributor.id","Extension.extension.extension.extension.id","","","",0,1,"","","","string {[]} {[]}
","Unique id for inter-element referencing","Unique id for the element within a resource (for internal references). This may be any string value that does not contain spaces.","","","","","","","","","",,,,,"",,,,"Element.id",0,1,"","","n/a"
"Extension.extension:contributorship.extension:entry.extension:contributor.extension","Extension.extension.extension.extension.extension","","extensions
user content","",0,*,"","","","Extension {[]} {[]}
","Additional content defined by implementations","May be used to represent additional information that is not part of the basic definition of the element. To make the use of extensions safe and manageable, there is a strict set of governance  applied to the definition and use of extensions. Though any implementer can define an extension, there is a set of requirements that SHALL be met as part of the definition of the extension.","There can be no stigma associated with the use of extensions by any application, project, or standard - regardless of the institution or jurisdiction that uses or defines the extensions.  The use of extensions is what allows the FHIR specification to retain a core level of simplicity for everyone.","","","","","","","","",,,,,"","value:url}
","Extensions are always sliced by (at least) url",,"open","Element.extension",0,*,"","ele-1:All FHIR elements must have a @value or children {hasValue() or (children().count() > id.count())}
ext-1:Must have either extensions or value[x], not both {extension.exists() != value.exists()}","n/a"
"Extension.extension:contributorship.extension:entry.extension:contributor.url","Extension.extension.extension.extension.url","","","",1,1,"","","","uri {[]} {[]}
","identifies the meaning of the extension","Source of the definition for the extension code - a logical name or a URL.","The definition may point directly to a computable or human-readable definition of the extensibility codes, or it may be a logical URI as declared in some other specification. The definition SHALL be a URI for the Structure Definition defining the extension.","","","","<valueUri xmlns=""http://hl7.org/fhir"" value=""contributor""/>","","","","",,,,,"",,,,"Extension.url",1,1,"","","N/A"
"Extension.extension:contributorship.extension:entry.extension:contributor.value[x]","Extension.extension.extension.extension.value[x]","","","",1,1,"","","","Reference {[]} {[CanonicalType[http://hl7.org/fhir/5.0/StructureDefinition/profile-Practitioner|0.1.0], CanonicalType[http://hl7.org/fhir/StructureDefinition/Practitioner|4.0.1], CanonicalType[http://hl7.org/fhir/5.0/StructureDefinition/profile-Organization|0.1.0], CanonicalType[http://hl7.org/fhir/StructureDefinition/Organization|4.0.1]]}
","The identity of the individual contributor","The identity of the individual contributor.","If naming a contributor without additional detail or further structured data, the display element within the Reference datatype may be used for a simple string without referencing another resource.","","","","","","","","",,,,,"",,,,"Extension.value[x]",0,1,"","ele-1:All FHIR elements must have a @value or children {hasValue() or (children().count() > id.count())}
","N/A"
"Extension.extension:contributorship.extension:entry.extension:forenameInitials","Extension.extension.extension.extension","forenameInitials","","",0,1,"","","","Extension {[]} {[]}
","R5: For citation styles that use initials (new)","R5: `Citation.citedArtifact.contributorship.entry.forenameInitials` (new:string)","Element `Citation.citedArtifact.contributorship.entry.forenameInitials` is part of an existing definition because parent element `Citation.citedArtifact.contributorship.entry` requires a cross-version extension.
Element `Citation.citedArtifact.contributorship.entry.forenameInitials` is not mapped to FHIR R4, since FHIR R5 `Citation` is not mapped.
Element `Citation.citedArtifact.contributorship.entry.forenameInitials` has no mapping targets in FHIR R4. Typically, this is because the element has been added (is a new element).
This element is used to support a data element used for citations that is not otherwise supported fully by FHIR HumanName datatype. In some citation summary styles (e.g. Medline), authors are presented with full spelling of their last name (family name) and initials for all forenames (first names, middle names, preceding names, given names). As the FHIR HumanName Datatype does not have a specific element for forename initials and this is common in citation usage, the element is added to contributorship.entry directly.","Element `Citation.citedArtifact.contributorship.entry.forenameInitials` is part of an existing definition because parent element `Citation.citedArtifact.contributorship.entry` requires a cross-version extension.
Element `Citation.citedArtifact.contributorship.entry.forenameInitials` is not mapped to FHIR R4, since FHIR R5 `Citation` is not mapped.
Element `Citation.citedArtifact.contributorship.entry.forenameInitials` has no mapping targets in FHIR R4. Typically, this is because the element has been added (is a new element).","","","","","","","",,,,,"",,,,"Element.extension",0,*,"","ele-1:All FHIR elements must have a @value or children {hasValue() or (children().count() > id.count())}
ext-1:Must have either extensions or value[x], not both {extension.exists() != value.exists()}"
"Extension.extension:contributorship.extension:entry.extension:forenameInitials.id","Extension.extension.extension.extension.id","","","",0,1,"","","","string {[]} {[]}
","Unique id for inter-element referencing","Unique id for the element within a resource (for internal references). This may be any string value that does not contain spaces.","","","","","","","","","",,,,,"",,,,"Element.id",0,1,"","","n/a"
"Extension.extension:contributorship.extension:entry.extension:forenameInitials.extension","Extension.extension.extension.extension.extension","","extensions
user content","",0,*,"","","","Extension {[]} {[]}
","Additional content defined by implementations","May be used to represent additional information that is not part of the basic definition of the element. To make the use of extensions safe and manageable, there is a strict set of governance  applied to the definition and use of extensions. Though any implementer can define an extension, there is a set of requirements that SHALL be met as part of the definition of the extension.","There can be no stigma associated with the use of extensions by any application, project, or standard - regardless of the institution or jurisdiction that uses or defines the extensions.  The use of extensions is what allows the FHIR specification to retain a core level of simplicity for everyone.","","","","","","","","",,,,,"","value:url}
","Extensions are always sliced by (at least) url",,"open","Element.extension",0,*,"","ele-1:All FHIR elements must have a @value or children {hasValue() or (children().count() > id.count())}
ext-1:Must have either extensions or value[x], not both {extension.exists() != value.exists()}","n/a"
"Extension.extension:contributorship.extension:entry.extension:forenameInitials.url","Extension.extension.extension.extension.url","","","",1,1,"","","","uri {[]} {[]}
","identifies the meaning of the extension","Source of the definition for the extension code - a logical name or a URL.","The definition may point directly to a computable or human-readable definition of the extensibility codes, or it may be a logical URI as declared in some other specification. The definition SHALL be a URI for the Structure Definition defining the extension.","","","","<valueUri xmlns=""http://hl7.org/fhir"" value=""forenameInitials""/>","","","","",,,,,"",,,,"Extension.url",1,1,"","","N/A"
"Extension.extension:contributorship.extension:entry.extension:forenameInitials.value[x]","Extension.extension.extension.extension.value[x]","","","",0,1,"","","","string {[]} {[]}
","For citation styles that use initials","For citation styles that use initials.","This element is used to support a data element used for citations that is not otherwise supported fully by FHIR HumanName datatype. In some citation summary styles (e.g. Medline), authors are presented with full spelling of their last name (family name) and initials for all forenames (first names, middle names, preceding names, given names). As the FHIR HumanName Datatype does not have a specific element for forename initials and this is common in citation usage, the element is added to contributorship.entry directly.","","","","","","","","",,,,,"",,,,"Extension.value[x]",0,1,"","ele-1:All FHIR elements must have a @value or children {hasValue() or (children().count() > id.count())}
","N/A"
"Extension.extension:contributorship.extension:entry.extension:affiliation","Extension.extension.extension.extension","affiliation","","",0,*,"","","","Extension {[]} {[]}
","R5: Organizational affiliation (new)","R5: `Citation.citedArtifact.contributorship.entry.affiliation` (new:Reference(Organization,PractitionerRole))","Element `Citation.citedArtifact.contributorship.entry.affiliation` is part of an existing definition because parent element `Citation.citedArtifact.contributorship.entry` requires a cross-version extension.
Element `Citation.citedArtifact.contributorship.entry.affiliation` is not mapped to FHIR R4, since FHIR R5 `Citation` is not mapped.
Element `Citation.citedArtifact.contributorship.entry.affiliation` has no mapping targets in FHIR R4. Typically, this is because the element has been added (is a new element).
If naming an organization without additional detail or further structured data, the display element within the Reference datatype may be used for a simple string without referencing another resource.","Element `Citation.citedArtifact.contributorship.entry.affiliation` is part of an existing definition because parent element `Citation.citedArtifact.contributorship.entry` requires a cross-version extension.
Element `Citation.citedArtifact.contributorship.entry.affiliation` is not mapped to FHIR R4, since FHIR R5 `Citation` is not mapped.
Element `Citation.citedArtifact.contributorship.entry.affiliation` has no mapping targets in FHIR R4. Typically, this is because the element has been added (is a new element).","","","","","","","",,,,,"",,,,"Element.extension",0,*,"","ele-1:All FHIR elements must have a @value or children {hasValue() or (children().count() > id.count())}
ext-1:Must have either extensions or value[x], not both {extension.exists() != value.exists()}"
"Extension.extension:contributorship.extension:entry.extension:affiliation.id","Extension.extension.extension.extension.id","","","",0,1,"","","","string {[]} {[]}
","Unique id for inter-element referencing","Unique id for the element within a resource (for internal references). This may be any string value that does not contain spaces.","","","","","","","","","",,,,,"",,,,"Element.id",0,1,"","","n/a"
"Extension.extension:contributorship.extension:entry.extension:affiliation.extension","Extension.extension.extension.extension.extension","","extensions
user content","",0,*,"","","","Extension {[]} {[]}
","Additional content defined by implementations","May be used to represent additional information that is not part of the basic definition of the element. To make the use of extensions safe and manageable, there is a strict set of governance  applied to the definition and use of extensions. Though any implementer can define an extension, there is a set of requirements that SHALL be met as part of the definition of the extension.","There can be no stigma associated with the use of extensions by any application, project, or standard - regardless of the institution or jurisdiction that uses or defines the extensions.  The use of extensions is what allows the FHIR specification to retain a core level of simplicity for everyone.","","","","","","","","",,,,,"","value:url}
","Extensions are always sliced by (at least) url",,"open","Element.extension",0,*,"","ele-1:All FHIR elements must have a @value or children {hasValue() or (children().count() > id.count())}
ext-1:Must have either extensions or value[x], not both {extension.exists() != value.exists()}","n/a"
"Extension.extension:contributorship.extension:entry.extension:affiliation.url","Extension.extension.extension.extension.url","","","",1,1,"","","","uri {[]} {[]}
","identifies the meaning of the extension","Source of the definition for the extension code - a logical name or a URL.","The definition may point directly to a computable or human-readable definition of the extensibility codes, or it may be a logical URI as declared in some other specification. The definition SHALL be a URI for the Structure Definition defining the extension.","","","","<valueUri xmlns=""http://hl7.org/fhir"" value=""affiliation""/>","","","","",,,,,"",,,,"Extension.url",1,1,"","","N/A"
"Extension.extension:contributorship.extension:entry.extension:affiliation.value[x]","Extension.extension.extension.extension.value[x]","","","",0,1,"","","","Reference {[]} {[CanonicalType[http://hl7.org/fhir/5.0/StructureDefinition/profile-Organization|0.1.0], CanonicalType[http://hl7.org/fhir/StructureDefinition/Organization|4.0.1], CanonicalType[http://hl7.org/fhir/5.0/StructureDefinition/profile-PractitionerRole|0.1.0], CanonicalType[http://hl7.org/fhir/StructureDefinition/PractitionerRole|4.0.1]]}
","Organizational affiliation","Organization affiliated with the contributor.","If naming an organization without additional detail or further structured data, the display element within the Reference datatype may be used for a simple string without referencing another resource.","","","","","","","","",,,,,"",,,,"Extension.value[x]",0,1,"","ele-1:All FHIR elements must have a @value or children {hasValue() or (children().count() > id.count())}
","N/A"
"Extension.extension:contributorship.extension:entry.extension:contributionType","Extension.extension.extension.extension","contributionType","","",0,*,"","","","Extension {[]} {[]}
","R5: The specific contribution (new)","R5: `Citation.citedArtifact.contributorship.entry.contributionType` (new:CodeableConcept)","Element `Citation.citedArtifact.contributorship.entry.contributionType` is part of an existing definition because parent element `Citation.citedArtifact.contributorship.entry` requires a cross-version extension.
Element `Citation.citedArtifact.contributorship.entry.contributionType` is not mapped to FHIR R4, since FHIR R5 `Citation` is not mapped.
Element `Citation.citedArtifact.contributorship.entry.contributionType` has no mapping targets in FHIR R4. Typically, this is because the element has been added (is a new element).
The CreDiT taxonomy provides a way to encode contribution information. The purpose of CRediT is to provide transparency in contributions to scholarly published work, to enable improved systems of attribution, credit, and accountability.","Element `Citation.citedArtifact.contributorship.entry.contributionType` is part of an existing definition because parent element `Citation.citedArtifact.contributorship.entry` requires a cross-version extension.
Element `Citation.citedArtifact.contributorship.entry.contributionType` is not mapped to FHIR R4, since FHIR R5 `Citation` is not mapped.
Element `Citation.citedArtifact.contributorship.entry.contributionType` has no mapping targets in FHIR R4. Typically, this is because the element has been added (is a new element).","","","","","","","",,,,,"",,,,"Element.extension",0,*,"","ele-1:All FHIR elements must have a @value or children {hasValue() or (children().count() > id.count())}
ext-1:Must have either extensions or value[x], not both {extension.exists() != value.exists()}"
"Extension.extension:contributorship.extension:entry.extension:contributionType.id","Extension.extension.extension.extension.id","","","",0,1,"","","","string {[]} {[]}
","Unique id for inter-element referencing","Unique id for the element within a resource (for internal references). This may be any string value that does not contain spaces.","","","","","","","","","",,,,,"",,,,"Element.id",0,1,"","","n/a"
"Extension.extension:contributorship.extension:entry.extension:contributionType.extension","Extension.extension.extension.extension.extension","","extensions
user content","",0,*,"","","","Extension {[]} {[]}
","Additional content defined by implementations","May be used to represent additional information that is not part of the basic definition of the element. To make the use of extensions safe and manageable, there is a strict set of governance  applied to the definition and use of extensions. Though any implementer can define an extension, there is a set of requirements that SHALL be met as part of the definition of the extension.","There can be no stigma associated with the use of extensions by any application, project, or standard - regardless of the institution or jurisdiction that uses or defines the extensions.  The use of extensions is what allows the FHIR specification to retain a core level of simplicity for everyone.","","","","","","","","",,,,,"","value:url}
","Extensions are always sliced by (at least) url",,"open","Element.extension",0,*,"","ele-1:All FHIR elements must have a @value or children {hasValue() or (children().count() > id.count())}
ext-1:Must have either extensions or value[x], not both {extension.exists() != value.exists()}","n/a"
"Extension.extension:contributorship.extension:entry.extension:contributionType.url","Extension.extension.extension.extension.url","","","",1,1,"","","","uri {[]} {[]}
","identifies the meaning of the extension","Source of the definition for the extension code - a logical name or a URL.","The definition may point directly to a computable or human-readable definition of the extensibility codes, or it may be a logical URI as declared in some other specification. The definition SHALL be a URI for the Structure Definition defining the extension.","","","","<valueUri xmlns=""http://hl7.org/fhir"" value=""contributionType""/>","","","","",,,,,"",,,,"Extension.url",1,1,"","","N/A"
"Extension.extension:contributorship.extension:entry.extension:contributionType.value[x]","Extension.extension.extension.extension.value[x]","","","",0,1,"","","","CodeableConcept {[]} {[]}
","The specific contribution","This element identifies the specific nature of an individual’s contribution with respect to the cited work.","The CreDiT taxonomy provides a way to encode contribution information. The purpose of CRediT is to provide transparency in contributions to scholarly published work, to enable improved systems of attribution, credit, and accountability.","","","","","","","","",,"extensible","","http://hl7.org/fhir/uv/xver/ValueSet/R5-artifact-contribution-type-for-R4|0.1.0","",,,,"Extension.value[x]",0,1,"","ele-1:All FHIR elements must have a @value or children {hasValue() or (children().count() > id.count())}
","N/A"
"Extension.extension:contributorship.extension:entry.extension:role","Extension.extension.extension.extension","role","","",0,1,"","","","Extension {[]} {[]}
","R5: The role of the contributor (e.g. author, editor, reviewer, funder) (new)","R5: `Citation.citedArtifact.contributorship.entry.role` (new:CodeableConcept)","Element `Citation.citedArtifact.contributorship.entry.role` is part of an existing definition because parent element `Citation.citedArtifact.contributorship.entry` requires a cross-version extension.
Element `Citation.citedArtifact.contributorship.entry.role` is not mapped to FHIR R4, since FHIR R5 `Citation` is not mapped.
Element `Citation.citedArtifact.contributorship.entry.role` has no mapping targets in FHIR R4. Typically, this is because the element has been added (is a new element).","Element `Citation.citedArtifact.contributorship.entry.role` is part of an existing definition because parent element `Citation.citedArtifact.contributorship.entry` requires a cross-version extension.
Element `Citation.citedArtifact.contributorship.entry.role` is not mapped to FHIR R4, since FHIR R5 `Citation` is not mapped.
Element `Citation.citedArtifact.contributorship.entry.role` has no mapping targets in FHIR R4. Typically, this is because the element has been added (is a new element).","","","","","","","",,,,,"",,,,"Element.extension",0,*,"","ele-1:All FHIR elements must have a @value or children {hasValue() or (children().count() > id.count())}
ext-1:Must have either extensions or value[x], not both {extension.exists() != value.exists()}"
"Extension.extension:contributorship.extension:entry.extension:role.id","Extension.extension.extension.extension.id","","","",0,1,"","","","string {[]} {[]}
","Unique id for inter-element referencing","Unique id for the element within a resource (for internal references). This may be any string value that does not contain spaces.","","","","","","","","","",,,,,"",,,,"Element.id",0,1,"","","n/a"
"Extension.extension:contributorship.extension:entry.extension:role.extension","Extension.extension.extension.extension.extension","","extensions
user content","",0,*,"","","","Extension {[]} {[]}
","Additional content defined by implementations","May be used to represent additional information that is not part of the basic definition of the element. To make the use of extensions safe and manageable, there is a strict set of governance  applied to the definition and use of extensions. Though any implementer can define an extension, there is a set of requirements that SHALL be met as part of the definition of the extension.","There can be no stigma associated with the use of extensions by any application, project, or standard - regardless of the institution or jurisdiction that uses or defines the extensions.  The use of extensions is what allows the FHIR specification to retain a core level of simplicity for everyone.","","","","","","","","",,,,,"","value:url}
","Extensions are always sliced by (at least) url",,"open","Element.extension",0,*,"","ele-1:All FHIR elements must have a @value or children {hasValue() or (children().count() > id.count())}
ext-1:Must have either extensions or value[x], not both {extension.exists() != value.exists()}","n/a"
"Extension.extension:contributorship.extension:entry.extension:role.url","Extension.extension.extension.extension.url","","","",1,1,"","","","uri {[]} {[]}
","identifies the meaning of the extension","Source of the definition for the extension code - a logical name or a URL.","The definition may point directly to a computable or human-readable definition of the extensibility codes, or it may be a logical URI as declared in some other specification. The definition SHALL be a URI for the Structure Definition defining the extension.","","","","<valueUri xmlns=""http://hl7.org/fhir"" value=""role""/>","","","","",,,,,"",,,,"Extension.url",1,1,"","","N/A"
"Extension.extension:contributorship.extension:entry.extension:role.value[x]","Extension.extension.extension.extension.value[x]","","","",0,1,"","","","CodeableConcept {[]} {[]}
","The role of the contributor (e.g. author, editor, reviewer, funder)","The role of the contributor (e.g. author, editor, reviewer, funder).","","","","","","","","","",,"extensible","","http://hl7.org/fhir/uv/xver/ValueSet/R5-contributor-role-for-R4|0.1.0","",,,,"Extension.value[x]",0,1,"","ele-1:All FHIR elements must have a @value or children {hasValue() or (children().count() > id.count())}
","N/A"
"Extension.extension:contributorship.extension:entry.extension:contributionInstance","Extension.extension.extension.extension","contributionInstance","","",0,*,"","","","Extension {[]} {[]}
","R5: Contributions with accounting for time or number (new)","R5: `Citation.citedArtifact.contributorship.entry.contributionInstance` (new:BackboneElement)","Element `Citation.citedArtifact.contributorship.entry.contributionInstance` is part of an existing definition because parent element `Citation.citedArtifact.contributorship.entry` requires a cross-version extension.
Element `Citation.citedArtifact.contributorship.entry.contributionInstance` is not mapped to FHIR R4, since FHIR R5 `Citation` is not mapped.
Element `Citation.citedArtifact.contributorship.entry.contributionInstance` has no mapping targets in FHIR R4. Typically, this is because the element has been added (is a new element).","Element `Citation.citedArtifact.contributorship.entry.contributionInstance` is part of an existing definition because parent element `Citation.citedArtifact.contributorship.entry` requires a cross-version extension.
Element `Citation.citedArtifact.contributorship.entry.contributionInstance` is not mapped to FHIR R4, since FHIR R5 `Citation` is not mapped.
Element `Citation.citedArtifact.contributorship.entry.contributionInstance` has no mapping targets in FHIR R4. Typically, this is because the element has been added (is a new element).","","","","","","","",,,,,"",,,,"Element.extension",0,*,"","ele-1:All FHIR elements must have a @value or children {hasValue() or (children().count() > id.count())}
ext-1:Must have either extensions or value[x], not both {extension.exists() != value.exists()}"
"Extension.extension:contributorship.extension:entry.extension:contributionInstance.id","Extension.extension.extension.extension.id","","","",0,1,"","","","string {[]} {[]}
","Unique id for inter-element referencing","Unique id for the element within a resource (for internal references). This may be any string value that does not contain spaces.","","","","","","","","","",,,,,"",,,,"Element.id",0,1,"","","n/a"
"Extension.extension:contributorship.extension:entry.extension:contributionInstance.extension","Extension.extension.extension.extension.extension","","","",1,*,"","","","Extension {[]} {[]}
","Extension","An Extension","","","","","","","","","",,,,,"","value:url}
","Extensions are always sliced by (at least) url",,"open","Element.extension",0,*,"","ele-1:All FHIR elements must have a @value or children {hasValue() or (children().count() > id.count())}
ext-1:Must have either extensions or value[x], not both {extension.exists() != value.exists()}"
"Extension.extension:contributorship.extension:entry.extension:contributionInstance.extension:type","Extension.extension.extension.extension.extension","type","","",1,1,"","","","Extension {[]} {[]}
","R5: The specific contribution (new)","R5: `Citation.citedArtifact.contributorship.entry.contributionInstance.type` (new:CodeableConcept)","Element `Citation.citedArtifact.contributorship.entry.contributionInstance.type` is part of an existing definition because parent element `Citation.citedArtifact.contributorship.entry.contributionInstance` requires a cross-version extension.
Element `Citation.citedArtifact.contributorship.entry.contributionInstance.type` is not mapped to FHIR R4, since FHIR R5 `Citation` is not mapped.
Element `Citation.citedArtifact.contributorship.entry.contributionInstance.type` has no mapping targets in FHIR R4. Typically, this is because the element has been added (is a new element).","Element `Citation.citedArtifact.contributorship.entry.contributionInstance.type` is part of an existing definition because parent element `Citation.citedArtifact.contributorship.entry.contributionInstance` requires a cross-version extension.
Element `Citation.citedArtifact.contributorship.entry.contributionInstance.type` is not mapped to FHIR R4, since FHIR R5 `Citation` is not mapped.
Element `Citation.citedArtifact.contributorship.entry.contributionInstance.type` has no mapping targets in FHIR R4. Typically, this is because the element has been added (is a new element).","","","","","","","",,,,,"",,,,"Element.extension",0,*,"","ele-1:All FHIR elements must have a @value or children {hasValue() or (children().count() > id.count())}
ext-1:Must have either extensions or value[x], not both {extension.exists() != value.exists()}"
"Extension.extension:contributorship.extension:entry.extension:contributionInstance.extension:type.id","Extension.extension.extension.extension.extension.id","","","",0,1,"","","","string {[]} {[]}
","Unique id for inter-element referencing","Unique id for the element within a resource (for internal references). This may be any string value that does not contain spaces.","","","","","","","","","",,,,,"",,,,"Element.id",0,1,"","","n/a"
"Extension.extension:contributorship.extension:entry.extension:contributionInstance.extension:type.extension","Extension.extension.extension.extension.extension.extension","","extensions
user content","",0,*,"","","","Extension {[]} {[]}
","Additional content defined by implementations","May be used to represent additional information that is not part of the basic definition of the element. To make the use of extensions safe and manageable, there is a strict set of governance  applied to the definition and use of extensions. Though any implementer can define an extension, there is a set of requirements that SHALL be met as part of the definition of the extension.","There can be no stigma associated with the use of extensions by any application, project, or standard - regardless of the institution or jurisdiction that uses or defines the extensions.  The use of extensions is what allows the FHIR specification to retain a core level of simplicity for everyone.","","","","","","","","",,,,,"","value:url}
","Extensions are always sliced by (at least) url",,"open","Element.extension",0,*,"","ele-1:All FHIR elements must have a @value or children {hasValue() or (children().count() > id.count())}
ext-1:Must have either extensions or value[x], not both {extension.exists() != value.exists()}","n/a"
"Extension.extension:contributorship.extension:entry.extension:contributionInstance.extension:type.url","Extension.extension.extension.extension.extension.url","","","",1,1,"","","","uri {[]} {[]}
","identifies the meaning of the extension","Source of the definition for the extension code - a logical name or a URL.","The definition may point directly to a computable or human-readable definition of the extensibility codes, or it may be a logical URI as declared in some other specification. The definition SHALL be a URI for the Structure Definition defining the extension.","","","","<valueUri xmlns=""http://hl7.org/fhir"" value=""type""/>","","","","",,,,,"",,,,"Extension.url",1,1,"","","N/A"
"Extension.extension:contributorship.extension:entry.extension:contributionInstance.extension:type.value[x]","Extension.extension.extension.extension.extension.value[x]","","","",1,1,"","","","CodeableConcept {[]} {[]}
","The specific contribution","The specific contribution.","","","","","","","","","",,"extensible","","http://hl7.org/fhir/uv/xver/ValueSet/R5-artifact-contribution-instance-type-for-R4|0.1.0","",,,,"Extension.value[x]",0,1,"","ele-1:All FHIR elements must have a @value or children {hasValue() or (children().count() > id.count())}
","N/A"
"Extension.extension:contributorship.extension:entry.extension:contributionInstance.extension:time","Extension.extension.extension.extension.extension","time","","",0,1,"","","","Extension {[]} {[]}
","R5: The time that the contribution was made (new)","R5: `Citation.citedArtifact.contributorship.entry.contributionInstance.time` (new:dateTime)","Element `Citation.citedArtifact.contributorship.entry.contributionInstance.time` is part of an existing definition because parent element `Citation.citedArtifact.contributorship.entry.contributionInstance` requires a cross-version extension.
Element `Citation.citedArtifact.contributorship.entry.contributionInstance.time` is not mapped to FHIR R4, since FHIR R5 `Citation` is not mapped.
Element `Citation.citedArtifact.contributorship.entry.contributionInstance.time` has no mapping targets in FHIR R4. Typically, this is because the element has been added (is a new element).","Element `Citation.citedArtifact.contributorship.entry.contributionInstance.time` is part of an existing definition because parent element `Citation.citedArtifact.contributorship.entry.contributionInstance` requires a cross-version extension.
Element `Citation.citedArtifact.contributorship.entry.contributionInstance.time` is not mapped to FHIR R4, since FHIR R5 `Citation` is not mapped.
Element `Citation.citedArtifact.contributorship.entry.contributionInstance.time` has no mapping targets in FHIR R4. Typically, this is because the element has been added (is a new element).","","","","","","","",,,,,"",,,,"Element.extension",0,*,"","ele-1:All FHIR elements must have a @value or children {hasValue() or (children().count() > id.count())}
ext-1:Must have either extensions or value[x], not both {extension.exists() != value.exists()}"
"Extension.extension:contributorship.extension:entry.extension:contributionInstance.extension:time.id","Extension.extension.extension.extension.extension.id","","","",0,1,"","","","string {[]} {[]}
","Unique id for inter-element referencing","Unique id for the element within a resource (for internal references). This may be any string value that does not contain spaces.","","","","","","","","","",,,,,"",,,,"Element.id",0,1,"","","n/a"
"Extension.extension:contributorship.extension:entry.extension:contributionInstance.extension:time.extension","Extension.extension.extension.extension.extension.extension","","extensions
user content","",0,*,"","","","Extension {[]} {[]}
","Additional content defined by implementations","May be used to represent additional information that is not part of the basic definition of the element. To make the use of extensions safe and manageable, there is a strict set of governance  applied to the definition and use of extensions. Though any implementer can define an extension, there is a set of requirements that SHALL be met as part of the definition of the extension.","There can be no stigma associated with the use of extensions by any application, project, or standard - regardless of the institution or jurisdiction that uses or defines the extensions.  The use of extensions is what allows the FHIR specification to retain a core level of simplicity for everyone.","","","","","","","","",,,,,"","value:url}
","Extensions are always sliced by (at least) url",,"open","Element.extension",0,*,"","ele-1:All FHIR elements must have a @value or children {hasValue() or (children().count() > id.count())}
ext-1:Must have either extensions or value[x], not both {extension.exists() != value.exists()}","n/a"
"Extension.extension:contributorship.extension:entry.extension:contributionInstance.extension:time.url","Extension.extension.extension.extension.extension.url","","","",1,1,"","","","uri {[]} {[]}
","identifies the meaning of the extension","Source of the definition for the extension code - a logical name or a URL.","The definition may point directly to a computable or human-readable definition of the extensibility codes, or it may be a logical URI as declared in some other specification. The definition SHALL be a URI for the Structure Definition defining the extension.","","","","<valueUri xmlns=""http://hl7.org/fhir"" value=""time""/>","","","","",,,,,"",,,,"Extension.url",1,1,"","","N/A"
"Extension.extension:contributorship.extension:entry.extension:contributionInstance.extension:time.value[x]","Extension.extension.extension.extension.extension.value[x]","","","",0,1,"","","","dateTime {[]} {[]}
","The time that the contribution was made","The time that the contribution was made.","","","","","","","","","",,,,,"",,,,"Extension.value[x]",0,1,"","ele-1:All FHIR elements must have a @value or children {hasValue() or (children().count() > id.count())}
","N/A"
"Extension.extension:contributorship.extension:entry.extension:contributionInstance.url","Extension.extension.extension.extension.url","","","",1,1,"","","","uri {[]} {[]}
","identifies the meaning of the extension","Source of the definition for the extension code - a logical name or a URL.","The definition may point directly to a computable or human-readable definition of the extensibility codes, or it may be a logical URI as declared in some other specification. The definition SHALL be a URI for the Structure Definition defining the extension.","","","","<valueUri xmlns=""http://hl7.org/fhir"" value=""contributionInstance""/>","","","","",,,,,"",,,,"Extension.url",1,1,"","","N/A"
"Extension.extension:contributorship.extension:entry.extension:contributionInstance.value[x]","Extension.extension.extension.extension.value[x]","","","",0,0,"","","","base64Binary {[]} {[]}
boolean {[]} {[]}canonical {[]} {[]}code {[]} {[]}date {[]} {[]}dateTime {[]} {[]}decimal {[]} {[]}id {[]} {[]}instant {[]} {[]}integer {[]} {[]}markdown {[]} {[]}oid {[]} {[]}positiveInt {[]} {[]}string {[]} {[]}time {[]} {[]}unsignedInt {[]} {[]}uri {[]} {[]}url {[]} {[]}uuid {[]} {[]}Address {[]} {[]}Age {[]} {[]}Annotation {[]} {[]}Attachment {[]} {[]}CodeableConcept {[]} {[]}Coding {[]} {[]}ContactPoint {[]} {[]}Count {[]} {[]}Distance {[]} {[]}Duration {[]} {[]}HumanName {[]} {[]}Identifier {[]} {[]}Money {[]} {[]}Period {[]} {[]}Quantity {[]} {[]}Range {[]} {[]}Ratio {[]} {[]}Reference {[]} {[]}SampledData {[]} {[]}Signature {[]} {[]}Timing {[]} {[]}ContactDetail {[]} {[]}Contributor {[]} {[]}DataRequirement {[]} {[]}Expression {[]} {[]}ParameterDefinition {[]} {[]}RelatedArtifact {[]} {[]}TriggerDefinition {[]} {[]}UsageContext {[]} {[]}Dosage {[]} {[]}Meta {[]} {[]}","Value of extension","Value of extension - must be one of a constrained set of the data types (see [Extensibility](http://hl7.org/fhir/R4/extensibility.html) for a list).","","","","","","","","","",,,,,"",,,,"Extension.value[x]",0,1,"","ele-1:All FHIR elements must have a @value or children {hasValue() or (children().count() > id.count())}
","N/A"
"Extension.extension:contributorship.extension:entry.extension:correspondingContact","Extension.extension.extension.extension","correspondingContact","","",0,1,"","","","Extension {[]} {[]}
","R5: Whether the contributor is the corresponding contributor for the role (new)","R5: `Citation.citedArtifact.contributorship.entry.correspondingContact` (new:boolean)","Element `Citation.citedArtifact.contributorship.entry.correspondingContact` is part of an existing definition because parent element `Citation.citedArtifact.contributorship.entry` requires a cross-version extension.
Element `Citation.citedArtifact.contributorship.entry.correspondingContact` is not mapped to FHIR R4, since FHIR R5 `Citation` is not mapped.
Element `Citation.citedArtifact.contributorship.entry.correspondingContact` has no mapping targets in FHIR R4. Typically, this is because the element has been added (is a new element).
If there are multiple authors and one serves as the corresponding author, then that one would have correspondingContact = true.","Element `Citation.citedArtifact.contributorship.entry.correspondingContact` is part of an existing definition because parent element `Citation.citedArtifact.contributorship.entry` requires a cross-version extension.
Element `Citation.citedArtifact.contributorship.entry.correspondingContact` is not mapped to FHIR R4, since FHIR R5 `Citation` is not mapped.
Element `Citation.citedArtifact.contributorship.entry.correspondingContact` has no mapping targets in FHIR R4. Typically, this is because the element has been added (is a new element).","","","","","","","",,,,,"",,,,"Element.extension",0,*,"","ele-1:All FHIR elements must have a @value or children {hasValue() or (children().count() > id.count())}
ext-1:Must have either extensions or value[x], not both {extension.exists() != value.exists()}"
"Extension.extension:contributorship.extension:entry.extension:correspondingContact.id","Extension.extension.extension.extension.id","","","",0,1,"","","","string {[]} {[]}
","Unique id for inter-element referencing","Unique id for the element within a resource (for internal references). This may be any string value that does not contain spaces.","","","","","","","","","",,,,,"",,,,"Element.id",0,1,"","","n/a"
"Extension.extension:contributorship.extension:entry.extension:correspondingContact.extension","Extension.extension.extension.extension.extension","","extensions
user content","",0,*,"","","","Extension {[]} {[]}
","Additional content defined by implementations","May be used to represent additional information that is not part of the basic definition of the element. To make the use of extensions safe and manageable, there is a strict set of governance  applied to the definition and use of extensions. Though any implementer can define an extension, there is a set of requirements that SHALL be met as part of the definition of the extension.","There can be no stigma associated with the use of extensions by any application, project, or standard - regardless of the institution or jurisdiction that uses or defines the extensions.  The use of extensions is what allows the FHIR specification to retain a core level of simplicity for everyone.","","","","","","","","",,,,,"","value:url}
","Extensions are always sliced by (at least) url",,"open","Element.extension",0,*,"","ele-1:All FHIR elements must have a @value or children {hasValue() or (children().count() > id.count())}
ext-1:Must have either extensions or value[x], not both {extension.exists() != value.exists()}","n/a"
"Extension.extension:contributorship.extension:entry.extension:correspondingContact.url","Extension.extension.extension.extension.url","","","",1,1,"","","","uri {[]} {[]}
","identifies the meaning of the extension","Source of the definition for the extension code - a logical name or a URL.","The definition may point directly to a computable or human-readable definition of the extensibility codes, or it may be a logical URI as declared in some other specification. The definition SHALL be a URI for the Structure Definition defining the extension.","","","","<valueUri xmlns=""http://hl7.org/fhir"" value=""correspondingContact""/>","","","","",,,,,"",,,,"Extension.url",1,1,"","","N/A"
"Extension.extension:contributorship.extension:entry.extension:correspondingContact.value[x]","Extension.extension.extension.extension.value[x]","","","",0,1,"","","","boolean {[]} {[]}
","Whether the contributor is the corresponding contributor for the role","Whether the contributor is the corresponding contributor for the role.","If there are multiple authors and one serves as the corresponding author, then that one would have correspondingContact = true.","","","","","","","","",,,,,"",,,,"Extension.value[x]",0,1,"","ele-1:All FHIR elements must have a @value or children {hasValue() or (children().count() > id.count())}
","N/A"
"Extension.extension:contributorship.extension:entry.extension:rankingOrder","Extension.extension.extension.extension","rankingOrder","","",0,1,"","","","Extension {[]} {[]}
","R5: Ranked order of contribution (new)","R5: `Citation.citedArtifact.contributorship.entry.rankingOrder` (new:positiveInt)","Element `Citation.citedArtifact.contributorship.entry.rankingOrder` is part of an existing definition because parent element `Citation.citedArtifact.contributorship.entry` requires a cross-version extension.
Element `Citation.citedArtifact.contributorship.entry.rankingOrder` is not mapped to FHIR R4, since FHIR R5 `Citation` is not mapped.
Element `Citation.citedArtifact.contributorship.entry.rankingOrder` has no mapping targets in FHIR R4. Typically, this is because the element has been added (is a new element).
Used to retain order of authorship as structured data","Element `Citation.citedArtifact.contributorship.entry.rankingOrder` is part of an existing definition because parent element `Citation.citedArtifact.contributorship.entry` requires a cross-version extension.
Element `Citation.citedArtifact.contributorship.entry.rankingOrder` is not mapped to FHIR R4, since FHIR R5 `Citation` is not mapped.
Element `Citation.citedArtifact.contributorship.entry.rankingOrder` has no mapping targets in FHIR R4. Typically, this is because the element has been added (is a new element).","","","","","","","",,,,,"",,,,"Element.extension",0,*,"","ele-1:All FHIR elements must have a @value or children {hasValue() or (children().count() > id.count())}
ext-1:Must have either extensions or value[x], not both {extension.exists() != value.exists()}"
"Extension.extension:contributorship.extension:entry.extension:rankingOrder.id","Extension.extension.extension.extension.id","","","",0,1,"","","","string {[]} {[]}
","Unique id for inter-element referencing","Unique id for the element within a resource (for internal references). This may be any string value that does not contain spaces.","","","","","","","","","",,,,,"",,,,"Element.id",0,1,"","","n/a"
"Extension.extension:contributorship.extension:entry.extension:rankingOrder.extension","Extension.extension.extension.extension.extension","","extensions
user content","",0,*,"","","","Extension {[]} {[]}
","Additional content defined by implementations","May be used to represent additional information that is not part of the basic definition of the element. To make the use of extensions safe and manageable, there is a strict set of governance  applied to the definition and use of extensions. Though any implementer can define an extension, there is a set of requirements that SHALL be met as part of the definition of the extension.","There can be no stigma associated with the use of extensions by any application, project, or standard - regardless of the institution or jurisdiction that uses or defines the extensions.  The use of extensions is what allows the FHIR specification to retain a core level of simplicity for everyone.","","","","","","","","",,,,,"","value:url}
","Extensions are always sliced by (at least) url",,"open","Element.extension",0,*,"","ele-1:All FHIR elements must have a @value or children {hasValue() or (children().count() > id.count())}
ext-1:Must have either extensions or value[x], not both {extension.exists() != value.exists()}","n/a"
"Extension.extension:contributorship.extension:entry.extension:rankingOrder.url","Extension.extension.extension.extension.url","","","",1,1,"","","","uri {[]} {[]}
","identifies the meaning of the extension","Source of the definition for the extension code - a logical name or a URL.","The definition may point directly to a computable or human-readable definition of the extensibility codes, or it may be a logical URI as declared in some other specification. The definition SHALL be a URI for the Structure Definition defining the extension.","","","","<valueUri xmlns=""http://hl7.org/fhir"" value=""rankingOrder""/>","","","","",,,,,"",,,,"Extension.url",1,1,"","","N/A"
"Extension.extension:contributorship.extension:entry.extension:rankingOrder.value[x]","Extension.extension.extension.extension.value[x]","","","",0,1,"","","","positiveInt {[]} {[]}
","Ranked order of contribution","Provides a numerical ranking to represent the degree of contributorship relative to other contributors, such as 1 for first author and 2 for second author.","Used to retain order of authorship as structured data","","","","","","","","",,,,,"",,,,"Extension.value[x]",0,1,"","ele-1:All FHIR elements must have a @value or children {hasValue() or (children().count() > id.count())}
","N/A"
"Extension.extension:contributorship.extension:entry.url","Extension.extension.extension.url","","","",1,1,"","","","uri {[]} {[]}
","identifies the meaning of the extension","Source of the definition for the extension code - a logical name or a URL.","The definition may point directly to a computable or human-readable definition of the extensibility codes, or it may be a logical URI as declared in some other specification. The definition SHALL be a URI for the Structure Definition defining the extension.","","","","<valueUri xmlns=""http://hl7.org/fhir"" value=""entry""/>","","","","",,,,,"",,,,"Extension.url",1,1,"","","N/A"
"Extension.extension:contributorship.extension:entry.value[x]","Extension.extension.extension.value[x]","","","",0,0,"","","","base64Binary {[]} {[]}
boolean {[]} {[]}canonical {[]} {[]}code {[]} {[]}date {[]} {[]}dateTime {[]} {[]}decimal {[]} {[]}id {[]} {[]}instant {[]} {[]}integer {[]} {[]}markdown {[]} {[]}oid {[]} {[]}positiveInt {[]} {[]}string {[]} {[]}time {[]} {[]}unsignedInt {[]} {[]}uri {[]} {[]}url {[]} {[]}uuid {[]} {[]}Address {[]} {[]}Age {[]} {[]}Annotation {[]} {[]}Attachment {[]} {[]}CodeableConcept {[]} {[]}Coding {[]} {[]}ContactPoint {[]} {[]}Count {[]} {[]}Distance {[]} {[]}Duration {[]} {[]}HumanName {[]} {[]}Identifier {[]} {[]}Money {[]} {[]}Period {[]} {[]}Quantity {[]} {[]}Range {[]} {[]}Ratio {[]} {[]}Reference {[]} {[]}SampledData {[]} {[]}Signature {[]} {[]}Timing {[]} {[]}ContactDetail {[]} {[]}Contributor {[]} {[]}DataRequirement {[]} {[]}Expression {[]} {[]}ParameterDefinition {[]} {[]}RelatedArtifact {[]} {[]}TriggerDefinition {[]} {[]}UsageContext {[]} {[]}Dosage {[]} {[]}Meta {[]} {[]}","Value of extension","Value of extension - must be one of a constrained set of the data types (see [Extensibility](http://hl7.org/fhir/R4/extensibility.html) for a list).","","","","","","","","","",,,,,"",,,,"Extension.value[x]",0,1,"","ele-1:All FHIR elements must have a @value or children {hasValue() or (children().count() > id.count())}
","N/A"
"Extension.extension:contributorship.extension:summary","Extension.extension.extension","summary","","",0,*,"","","","Extension {[]} {[]}
","R5: Used to record a display of the author/contributor list without separate data element for each list member (new)","R5: `Citation.citedArtifact.contributorship.summary` (new:BackboneElement)","Element `Citation.citedArtifact.contributorship.summary` is part of an existing definition because parent element `Citation.citedArtifact.contributorship` requires a cross-version extension.
Element `Citation.citedArtifact.contributorship.summary` is not mapped to FHIR R4, since FHIR R5 `Citation` is not mapped.
Element `Citation.citedArtifact.contributorship.summary` has no mapping targets in FHIR R4. Typically, this is because the element has been added (is a new element).","Element `Citation.citedArtifact.contributorship.summary` is part of an existing definition because parent element `Citation.citedArtifact.contributorship` requires a cross-version extension.
Element `Citation.citedArtifact.contributorship.summary` is not mapped to FHIR R4, since FHIR R5 `Citation` is not mapped.
Element `Citation.citedArtifact.contributorship.summary` has no mapping targets in FHIR R4. Typically, this is because the element has been added (is a new element).","","","","","","","",,,,,"",,,,"Element.extension",0,*,"","ele-1:All FHIR elements must have a @value or children {hasValue() or (children().count() > id.count())}
ext-1:Must have either extensions or value[x], not both {extension.exists() != value.exists()}"
"Extension.extension:contributorship.extension:summary.id","Extension.extension.extension.id","","","",0,1,"","","","string {[]} {[]}
","Unique id for inter-element referencing","Unique id for the element within a resource (for internal references). This may be any string value that does not contain spaces.","","","","","","","","","",,,,,"",,,,"Element.id",0,1,"","","n/a"
"Extension.extension:contributorship.extension:summary.extension","Extension.extension.extension.extension","","","",1,*,"","","","Extension {[]} {[]}
","Extension","An Extension","","","","","","","","","",,,,,"","value:url}
","Extensions are always sliced by (at least) url",,"open","Element.extension",0,*,"","ele-1:All FHIR elements must have a @value or children {hasValue() or (children().count() > id.count())}
ext-1:Must have either extensions or value[x], not both {extension.exists() != value.exists()}"
"Extension.extension:contributorship.extension:summary.extension:type","Extension.extension.extension.extension","type","","",0,1,"","","","Extension {[]} {[]}
","R5: Such as author list, contributorship statement, funding statement, acknowledgements statement, or conflicts of interest statement (new)","R5: `Citation.citedArtifact.contributorship.summary.type` (new:CodeableConcept)","Element `Citation.citedArtifact.contributorship.summary.type` is part of an existing definition because parent element `Citation.citedArtifact.contributorship.summary` requires a cross-version extension.
Element `Citation.citedArtifact.contributorship.summary.type` is not mapped to FHIR R4, since FHIR R5 `Citation` is not mapped.
Element `Citation.citedArtifact.contributorship.summary.type` has no mapping targets in FHIR R4. Typically, this is because the element has been added (is a new element).","Element `Citation.citedArtifact.contributorship.summary.type` is part of an existing definition because parent element `Citation.citedArtifact.contributorship.summary` requires a cross-version extension.
Element `Citation.citedArtifact.contributorship.summary.type` is not mapped to FHIR R4, since FHIR R5 `Citation` is not mapped.
Element `Citation.citedArtifact.contributorship.summary.type` has no mapping targets in FHIR R4. Typically, this is because the element has been added (is a new element).","","","","","","","",,,,,"",,,,"Element.extension",0,*,"","ele-1:All FHIR elements must have a @value or children {hasValue() or (children().count() > id.count())}
ext-1:Must have either extensions or value[x], not both {extension.exists() != value.exists()}"
"Extension.extension:contributorship.extension:summary.extension:type.id","Extension.extension.extension.extension.id","","","",0,1,"","","","string {[]} {[]}
","Unique id for inter-element referencing","Unique id for the element within a resource (for internal references). This may be any string value that does not contain spaces.","","","","","","","","","",,,,,"",,,,"Element.id",0,1,"","","n/a"
"Extension.extension:contributorship.extension:summary.extension:type.extension","Extension.extension.extension.extension.extension","","extensions
user content","",0,*,"","","","Extension {[]} {[]}
","Additional content defined by implementations","May be used to represent additional information that is not part of the basic definition of the element. To make the use of extensions safe and manageable, there is a strict set of governance  applied to the definition and use of extensions. Though any implementer can define an extension, there is a set of requirements that SHALL be met as part of the definition of the extension.","There can be no stigma associated with the use of extensions by any application, project, or standard - regardless of the institution or jurisdiction that uses or defines the extensions.  The use of extensions is what allows the FHIR specification to retain a core level of simplicity for everyone.","","","","","","","","",,,,,"","value:url}
","Extensions are always sliced by (at least) url",,"open","Element.extension",0,*,"","ele-1:All FHIR elements must have a @value or children {hasValue() or (children().count() > id.count())}
ext-1:Must have either extensions or value[x], not both {extension.exists() != value.exists()}","n/a"
"Extension.extension:contributorship.extension:summary.extension:type.url","Extension.extension.extension.extension.url","","","",1,1,"","","","uri {[]} {[]}
","identifies the meaning of the extension","Source of the definition for the extension code - a logical name or a URL.","The definition may point directly to a computable or human-readable definition of the extensibility codes, or it may be a logical URI as declared in some other specification. The definition SHALL be a URI for the Structure Definition defining the extension.","","","","<valueUri xmlns=""http://hl7.org/fhir"" value=""type""/>","","","","",,,,,"",,,,"Extension.url",1,1,"","","N/A"
"Extension.extension:contributorship.extension:summary.extension:type.value[x]","Extension.extension.extension.extension.value[x]","","","",0,1,"","","","CodeableConcept {[]} {[]}
","Such as author list, contributorship statement, funding statement, acknowledgements statement, or conflicts of interest statement","Used most commonly to express an author list or a contributorship statement.","","","","","","","","","",,"extensible","","http://hl7.org/fhir/uv/xver/ValueSet/R5-contributor-summary-type-for-R4|0.1.0","",,,,"Extension.value[x]",0,1,"","ele-1:All FHIR elements must have a @value or children {hasValue() or (children().count() > id.count())}
","N/A"
"Extension.extension:contributorship.extension:summary.extension:style","Extension.extension.extension.extension","style","","",0,1,"","","","Extension {[]} {[]}
","R5: The format for the display string (new)","R5: `Citation.citedArtifact.contributorship.summary.style` (new:CodeableConcept)","Element `Citation.citedArtifact.contributorship.summary.style` is part of an existing definition because parent element `Citation.citedArtifact.contributorship.summary` requires a cross-version extension.
Element `Citation.citedArtifact.contributorship.summary.style` is not mapped to FHIR R4, since FHIR R5 `Citation` is not mapped.
Element `Citation.citedArtifact.contributorship.summary.style` has no mapping targets in FHIR R4. Typically, this is because the element has been added (is a new element).","Element `Citation.citedArtifact.contributorship.summary.style` is part of an existing definition because parent element `Citation.citedArtifact.contributorship.summary` requires a cross-version extension.
Element `Citation.citedArtifact.contributorship.summary.style` is not mapped to FHIR R4, since FHIR R5 `Citation` is not mapped.
Element `Citation.citedArtifact.contributorship.summary.style` has no mapping targets in FHIR R4. Typically, this is because the element has been added (is a new element).","","","","","","","",,,,,"",,,,"Element.extension",0,*,"","ele-1:All FHIR elements must have a @value or children {hasValue() or (children().count() > id.count())}
ext-1:Must have either extensions or value[x], not both {extension.exists() != value.exists()}"
"Extension.extension:contributorship.extension:summary.extension:style.id","Extension.extension.extension.extension.id","","","",0,1,"","","","string {[]} {[]}
","Unique id for inter-element referencing","Unique id for the element within a resource (for internal references). This may be any string value that does not contain spaces.","","","","","","","","","",,,,,"",,,,"Element.id",0,1,"","","n/a"
"Extension.extension:contributorship.extension:summary.extension:style.extension","Extension.extension.extension.extension.extension","","extensions
user content","",0,*,"","","","Extension {[]} {[]}
","Additional content defined by implementations","May be used to represent additional information that is not part of the basic definition of the element. To make the use of extensions safe and manageable, there is a strict set of governance  applied to the definition and use of extensions. Though any implementer can define an extension, there is a set of requirements that SHALL be met as part of the definition of the extension.","There can be no stigma associated with the use of extensions by any application, project, or standard - regardless of the institution or jurisdiction that uses or defines the extensions.  The use of extensions is what allows the FHIR specification to retain a core level of simplicity for everyone.","","","","","","","","",,,,,"","value:url}
","Extensions are always sliced by (at least) url",,"open","Element.extension",0,*,"","ele-1:All FHIR elements must have a @value or children {hasValue() or (children().count() > id.count())}
ext-1:Must have either extensions or value[x], not both {extension.exists() != value.exists()}","n/a"
"Extension.extension:contributorship.extension:summary.extension:style.url","Extension.extension.extension.extension.url","","","",1,1,"","","","uri {[]} {[]}
","identifies the meaning of the extension","Source of the definition for the extension code - a logical name or a URL.","The definition may point directly to a computable or human-readable definition of the extensibility codes, or it may be a logical URI as declared in some other specification. The definition SHALL be a URI for the Structure Definition defining the extension.","","","","<valueUri xmlns=""http://hl7.org/fhir"" value=""style""/>","","","","",,,,,"",,,,"Extension.url",1,1,"","","N/A"
"Extension.extension:contributorship.extension:summary.extension:style.value[x]","Extension.extension.extension.extension.value[x]","","","",0,1,"","","","CodeableConcept {[]} {[]}
","The format for the display string","The format for the display string, such as author last name with first letter capitalized followed by forename initials.","","","","","","","","","",,"extensible","","http://hl7.org/fhir/uv/xver/ValueSet/R5-contributor-summary-style-for-R4|0.1.0","",,,,"Extension.value[x]",0,1,"","ele-1:All FHIR elements must have a @value or children {hasValue() or (children().count() > id.count())}
","N/A"
"Extension.extension:contributorship.extension:summary.extension:source","Extension.extension.extension.extension","source","","",0,1,"","","","Extension {[]} {[]}
","R5: Used to code the producer or rule for creating the display string (new)","R5: `Citation.citedArtifact.contributorship.summary.source` (new:CodeableConcept)","Element `Citation.citedArtifact.contributorship.summary.source` is part of an existing definition because parent element `Citation.citedArtifact.contributorship.summary` requires a cross-version extension.
Element `Citation.citedArtifact.contributorship.summary.source` is not mapped to FHIR R4, since FHIR R5 `Citation` is not mapped.
Element `Citation.citedArtifact.contributorship.summary.source` has no mapping targets in FHIR R4. Typically, this is because the element has been added (is a new element).","Element `Citation.citedArtifact.contributorship.summary.source` is part of an existing definition because parent element `Citation.citedArtifact.contributorship.summary` requires a cross-version extension.
Element `Citation.citedArtifact.contributorship.summary.source` is not mapped to FHIR R4, since FHIR R5 `Citation` is not mapped.
Element `Citation.citedArtifact.contributorship.summary.source` has no mapping targets in FHIR R4. Typically, this is because the element has been added (is a new element).","","","","","","","",,,,,"",,,,"Element.extension",0,*,"","ele-1:All FHIR elements must have a @value or children {hasValue() or (children().count() > id.count())}
ext-1:Must have either extensions or value[x], not both {extension.exists() != value.exists()}"
"Extension.extension:contributorship.extension:summary.extension:source.id","Extension.extension.extension.extension.id","","","",0,1,"","","","string {[]} {[]}
","Unique id for inter-element referencing","Unique id for the element within a resource (for internal references). This may be any string value that does not contain spaces.","","","","","","","","","",,,,,"",,,,"Element.id",0,1,"","","n/a"
"Extension.extension:contributorship.extension:summary.extension:source.extension","Extension.extension.extension.extension.extension","","extensions
user content","",0,*,"","","","Extension {[]} {[]}
","Additional content defined by implementations","May be used to represent additional information that is not part of the basic definition of the element. To make the use of extensions safe and manageable, there is a strict set of governance  applied to the definition and use of extensions. Though any implementer can define an extension, there is a set of requirements that SHALL be met as part of the definition of the extension.","There can be no stigma associated with the use of extensions by any application, project, or standard - regardless of the institution or jurisdiction that uses or defines the extensions.  The use of extensions is what allows the FHIR specification to retain a core level of simplicity for everyone.","","","","","","","","",,,,,"","value:url}
","Extensions are always sliced by (at least) url",,"open","Element.extension",0,*,"","ele-1:All FHIR elements must have a @value or children {hasValue() or (children().count() > id.count())}
ext-1:Must have either extensions or value[x], not both {extension.exists() != value.exists()}","n/a"
"Extension.extension:contributorship.extension:summary.extension:source.url","Extension.extension.extension.extension.url","","","",1,1,"","","","uri {[]} {[]}
","identifies the meaning of the extension","Source of the definition for the extension code - a logical name or a URL.","The definition may point directly to a computable or human-readable definition of the extensibility codes, or it may be a logical URI as declared in some other specification. The definition SHALL be a URI for the Structure Definition defining the extension.","","","","<valueUri xmlns=""http://hl7.org/fhir"" value=""source""/>","","","","",,,,,"",,,,"Extension.url",1,1,"","","N/A"
"Extension.extension:contributorship.extension:summary.extension:source.value[x]","Extension.extension.extension.extension.value[x]","","","",0,1,"","","","CodeableConcept {[]} {[]}
","Used to code the producer or rule for creating the display string","Used to code the producer or rule for creating the display string.","","","","","","","","","",,"extensible","","http://hl7.org/fhir/uv/xver/ValueSet/R5-contributor-summary-source-for-R4|0.1.0","",,,,"Extension.value[x]",0,1,"","ele-1:All FHIR elements must have a @value or children {hasValue() or (children().count() > id.count())}
","N/A"
"Extension.extension:contributorship.extension:summary.extension:value","Extension.extension.extension.extension","value","","",1,1,"","","","Extension {[]} {[]}
","R5: The display string for the author list, contributor list, or contributorship statement (new)","R5: `Citation.citedArtifact.contributorship.summary.value` (new:markdown)","Element `Citation.citedArtifact.contributorship.summary.value` is part of an existing definition because parent element `Citation.citedArtifact.contributorship.summary` requires a cross-version extension.
Element `Citation.citedArtifact.contributorship.summary.value` is not mapped to FHIR R4, since FHIR R5 `Citation` is not mapped.
Element `Citation.citedArtifact.contributorship.summary.value` has no mapping targets in FHIR R4. Typically, this is because the element has been added (is a new element).","Element `Citation.citedArtifact.contributorship.summary.value` is part of an existing definition because parent element `Citation.citedArtifact.contributorship.summary` requires a cross-version extension.
Element `Citation.citedArtifact.contributorship.summary.value` is not mapped to FHIR R4, since FHIR R5 `Citation` is not mapped.
Element `Citation.citedArtifact.contributorship.summary.value` has no mapping targets in FHIR R4. Typically, this is because the element has been added (is a new element).","","","","","","","",,,,,"",,,,"Element.extension",0,*,"","ele-1:All FHIR elements must have a @value or children {hasValue() or (children().count() > id.count())}
ext-1:Must have either extensions or value[x], not both {extension.exists() != value.exists()}"
"Extension.extension:contributorship.extension:summary.extension:value.id","Extension.extension.extension.extension.id","","","",0,1,"","","","string {[]} {[]}
","Unique id for inter-element referencing","Unique id for the element within a resource (for internal references). This may be any string value that does not contain spaces.","","","","","","","","","",,,,,"",,,,"Element.id",0,1,"","","n/a"
"Extension.extension:contributorship.extension:summary.extension:value.extension","Extension.extension.extension.extension.extension","","extensions
user content","",0,*,"","","","Extension {[]} {[]}
","Additional content defined by implementations","May be used to represent additional information that is not part of the basic definition of the element. To make the use of extensions safe and manageable, there is a strict set of governance  applied to the definition and use of extensions. Though any implementer can define an extension, there is a set of requirements that SHALL be met as part of the definition of the extension.","There can be no stigma associated with the use of extensions by any application, project, or standard - regardless of the institution or jurisdiction that uses or defines the extensions.  The use of extensions is what allows the FHIR specification to retain a core level of simplicity for everyone.","","","","","","","","",,,,,"","value:url}
","Extensions are always sliced by (at least) url",,"open","Element.extension",0,*,"","ele-1:All FHIR elements must have a @value or children {hasValue() or (children().count() > id.count())}
ext-1:Must have either extensions or value[x], not both {extension.exists() != value.exists()}","n/a"
"Extension.extension:contributorship.extension:summary.extension:value.url","Extension.extension.extension.extension.url","","","",1,1,"","","","uri {[]} {[]}
","identifies the meaning of the extension","Source of the definition for the extension code - a logical name or a URL.","The definition may point directly to a computable or human-readable definition of the extensibility codes, or it may be a logical URI as declared in some other specification. The definition SHALL be a URI for the Structure Definition defining the extension.","","","","<valueUri xmlns=""http://hl7.org/fhir"" value=""value""/>","","","","",,,,,"",,,,"Extension.url",1,1,"","","N/A"
"Extension.extension:contributorship.extension:summary.extension:value.value[x]","Extension.extension.extension.extension.value[x]","","","",1,1,"","","","markdown {[]} {[]}
","The display string for the author list, contributor list, or contributorship statement","The display string for the author list, contributor list, or contributorship statement.","","","","","","","","","",,,,,"",,,,"Extension.value[x]",0,1,"","ele-1:All FHIR elements must have a @value or children {hasValue() or (children().count() > id.count())}
","N/A"
"Extension.extension:contributorship.extension:summary.url","Extension.extension.extension.url","","","",1,1,"","","","uri {[]} {[]}
","identifies the meaning of the extension","Source of the definition for the extension code - a logical name or a URL.","The definition may point directly to a computable or human-readable definition of the extensibility codes, or it may be a logical URI as declared in some other specification. The definition SHALL be a URI for the Structure Definition defining the extension.","","","","<valueUri xmlns=""http://hl7.org/fhir"" value=""summary""/>","","","","",,,,,"",,,,"Extension.url",1,1,"","","N/A"
"Extension.extension:contributorship.extension:summary.value[x]","Extension.extension.extension.value[x]","","","",0,0,"","","","base64Binary {[]} {[]}
boolean {[]} {[]}canonical {[]} {[]}code {[]} {[]}date {[]} {[]}dateTime {[]} {[]}decimal {[]} {[]}id {[]} {[]}instant {[]} {[]}integer {[]} {[]}markdown {[]} {[]}oid {[]} {[]}positiveInt {[]} {[]}string {[]} {[]}time {[]} {[]}unsignedInt {[]} {[]}uri {[]} {[]}url {[]} {[]}uuid {[]} {[]}Address {[]} {[]}Age {[]} {[]}Annotation {[]} {[]}Attachment {[]} {[]}CodeableConcept {[]} {[]}Coding {[]} {[]}ContactPoint {[]} {[]}Count {[]} {[]}Distance {[]} {[]}Duration {[]} {[]}HumanName {[]} {[]}Identifier {[]} {[]}Money {[]} {[]}Period {[]} {[]}Quantity {[]} {[]}Range {[]} {[]}Ratio {[]} {[]}Reference {[]} {[]}SampledData {[]} {[]}Signature {[]} {[]}Timing {[]} {[]}ContactDetail {[]} {[]}Contributor {[]} {[]}DataRequirement {[]} {[]}Expression {[]} {[]}ParameterDefinition {[]} {[]}RelatedArtifact {[]} {[]}TriggerDefinition {[]} {[]}UsageContext {[]} {[]}Dosage {[]} {[]}Meta {[]} {[]}","Value of extension","Value of extension - must be one of a constrained set of the data types (see [Extensibility](http://hl7.org/fhir/R4/extensibility.html) for a list).","","","","","","","","","",,,,,"",,,,"Extension.value[x]",0,1,"","ele-1:All FHIR elements must have a @value or children {hasValue() or (children().count() > id.count())}
","N/A"
"Extension.extension:contributorship.url","Extension.extension.url","","","",1,1,"","","","uri {[]} {[]}
","identifies the meaning of the extension","Source of the definition for the extension code - a logical name or a URL.","The definition may point directly to a computable or human-readable definition of the extensibility codes, or it may be a logical URI as declared in some other specification. The definition SHALL be a URI for the Structure Definition defining the extension.","","","","<valueUri xmlns=""http://hl7.org/fhir"" value=""contributorship""/>","","","","",,,,,"",,,,"Extension.url",1,1,"","","N/A"
"Extension.extension:contributorship.value[x]","Extension.extension.value[x]","","","",0,0,"","","","base64Binary {[]} {[]}
boolean {[]} {[]}canonical {[]} {[]}code {[]} {[]}date {[]} {[]}dateTime {[]} {[]}decimal {[]} {[]}id {[]} {[]}instant {[]} {[]}integer {[]} {[]}markdown {[]} {[]}oid {[]} {[]}positiveInt {[]} {[]}string {[]} {[]}time {[]} {[]}unsignedInt {[]} {[]}uri {[]} {[]}url {[]} {[]}uuid {[]} {[]}Address {[]} {[]}Age {[]} {[]}Annotation {[]} {[]}Attachment {[]} {[]}CodeableConcept {[]} {[]}Coding {[]} {[]}ContactPoint {[]} {[]}Count {[]} {[]}Distance {[]} {[]}Duration {[]} {[]}HumanName {[]} {[]}Identifier {[]} {[]}Money {[]} {[]}Period {[]} {[]}Quantity {[]} {[]}Range {[]} {[]}Ratio {[]} {[]}Reference {[]} {[]}SampledData {[]} {[]}Signature {[]} {[]}Timing {[]} {[]}ContactDetail {[]} {[]}Contributor {[]} {[]}DataRequirement {[]} {[]}Expression {[]} {[]}ParameterDefinition {[]} {[]}RelatedArtifact {[]} {[]}TriggerDefinition {[]} {[]}UsageContext {[]} {[]}Dosage {[]} {[]}Meta {[]} {[]}","Value of extension","Value of extension - must be one of a constrained set of the data types (see [Extensibility](http://hl7.org/fhir/R4/extensibility.html) for a list).","","","","","","","","","",,,,,"",,,,"Extension.value[x]",0,1,"","ele-1:All FHIR elements must have a @value or children {hasValue() or (children().count() > id.count())}
","N/A"
"Extension.extension:note","Extension.extension","note","","",0,*,"","","","Extension {[]} {[]}
","R5: Any additional information or content for the article or artifact (new)","R5: `Citation.citedArtifact.note` (new:Annotation)","Element `Citation.citedArtifact.note` is part of an existing definition because parent element `Citation.citedArtifact` requires a cross-version extension.
Element `Citation.citedArtifact.note` is not mapped to FHIR R4, since FHIR R5 `Citation` is not mapped.
Element `Citation.citedArtifact.note` has no mapping targets in FHIR R4. Typically, this is because the element has been added (is a new element).","Element `Citation.citedArtifact.note` is part of an existing definition because parent element `Citation.citedArtifact` requires a cross-version extension.
Element `Citation.citedArtifact.note` is not mapped to FHIR R4, since FHIR R5 `Citation` is not mapped.
Element `Citation.citedArtifact.note` has no mapping targets in FHIR R4. Typically, this is because the element has been added (is a new element).","","","","","","","",,,,,"",,,,"Element.extension",0,*,"","ele-1:All FHIR elements must have a @value or children {hasValue() or (children().count() > id.count())}
ext-1:Must have either extensions or value[x], not both {extension.exists() != value.exists()}"
"Extension.extension:note.id","Extension.extension.id","","","",0,1,"","","","string {[]} {[]}
","Unique id for inter-element referencing","Unique id for the element within a resource (for internal references). This may be any string value that does not contain spaces.","","","","","","","","","",,,,,"",,,,"Element.id",0,1,"","","n/a"
"Extension.extension:note.extension","Extension.extension.extension","","extensions
user content","",0,*,"","","","Extension {[]} {[]}
","Additional content defined by implementations","May be used to represent additional information that is not part of the basic definition of the element. To make the use of extensions safe and manageable, there is a strict set of governance  applied to the definition and use of extensions. Though any implementer can define an extension, there is a set of requirements that SHALL be met as part of the definition of the extension.","There can be no stigma associated with the use of extensions by any application, project, or standard - regardless of the institution or jurisdiction that uses or defines the extensions.  The use of extensions is what allows the FHIR specification to retain a core level of simplicity for everyone.","","","","","","","","",,,,,"","value:url}
","Extensions are always sliced by (at least) url",,"open","Element.extension",0,*,"","ele-1:All FHIR elements must have a @value or children {hasValue() or (children().count() > id.count())}
ext-1:Must have either extensions or value[x], not both {extension.exists() != value.exists()}","n/a"
"Extension.extension:note.url","Extension.extension.url","","","",1,1,"","","","uri {[]} {[]}
","identifies the meaning of the extension","Source of the definition for the extension code - a logical name or a URL.","The definition may point directly to a computable or human-readable definition of the extensibility codes, or it may be a logical URI as declared in some other specification. The definition SHALL be a URI for the Structure Definition defining the extension.","","","","<valueUri xmlns=""http://hl7.org/fhir"" value=""note""/>","","","","",,,,,"",,,,"Extension.url",1,1,"","","N/A"
"Extension.extension:note.value[x]","Extension.extension.value[x]","","","",0,1,"","","","Annotation {[]} {[]}
","Any additional information or content for the article or artifact","Any additional information or content for the article or artifact.","","","","","","","","","",,,,,"",,,,"Extension.value[x]",0,1,"","ele-1:All FHIR elements must have a @value or children {hasValue() or (children().count() > id.count())}
","N/A"
"Extension.url","Extension.url","","","",1,1,"","","","uri {[]} {[]}
","identifies the meaning of the extension","Source of the definition for the extension code - a logical name or a URL.","The definition may point directly to a computable or human-readable definition of the extensibility codes, or it may be a logical URI as declared in some other specification. The definition SHALL be a URI for the Structure Definition defining the extension.","","","","<valueUri xmlns=""http://hl7.org/fhir"" value=""http://hl7.org/fhir/5.0/StructureDefinition/extension-Citation.citedArtifact""/>","","","","",,,,,"",,,,"Extension.url",1,1,"","","N/A"
"Extension.value[x]","Extension.value[x]","","","",0,0,"","","","base64Binary {[]} {[]}
boolean {[]} {[]}canonical {[]} {[]}code {[]} {[]}date {[]} {[]}dateTime {[]} {[]}decimal {[]} {[]}id {[]} {[]}instant {[]} {[]}integer {[]} {[]}markdown {[]} {[]}oid {[]} {[]}positiveInt {[]} {[]}string {[]} {[]}time {[]} {[]}unsignedInt {[]} {[]}uri {[]} {[]}url {[]} {[]}uuid {[]} {[]}Address {[]} {[]}Age {[]} {[]}Annotation {[]} {[]}Attachment {[]} {[]}CodeableConcept {[]} {[]}Coding {[]} {[]}ContactPoint {[]} {[]}Count {[]} {[]}Distance {[]} {[]}Duration {[]} {[]}HumanName {[]} {[]}Identifier {[]} {[]}Money {[]} {[]}Period {[]} {[]}Quantity {[]} {[]}Range {[]} {[]}Ratio {[]} {[]}Reference {[]} {[]}SampledData {[]} {[]}Signature {[]} {[]}Timing {[]} {[]}ContactDetail {[]} {[]}Contributor {[]} {[]}DataRequirement {[]} {[]}Expression {[]} {[]}ParameterDefinition {[]} {[]}RelatedArtifact {[]} {[]}TriggerDefinition {[]} {[]}UsageContext {[]} {[]}Dosage {[]} {[]}Meta {[]} {[]}","Value of extension","Value of extension - must be one of a constrained set of the data types (see [Extensibility](http://hl7.org/fhir/R4/extensibility.html) for a list).","","","","","","","","","",,,,,"",,,,"Extension.value[x]",0,1,"","ele-1:All FHIR elements must have a @value or children {hasValue() or (children().count() > id.count())}
","N/A"
